lastAccountName: Lads
timestamps:
  login: 1564642158561
  logout: 1564644059756
  lastteleport: 1564642883648
ipAddress: 0:0:0:0:0:0:0:1
lastlocation:
  world: world
  x: 493.97945717227066
  y: 55.0
  z: 278.6910765114749
  yaw: -276.50266
  pitch: 29.775328
logoutlocation:
  world: world
  x: 478.7328245835036
  y: 62.0
  z: 273.21779710179044
  yaw: 139.55917
  pitch: 21.832256
money: '393.91'
