lastAccountName: Lads
timestamps:
  login: 1564147027794
  logout: 1564148859818
  lastteleport: 1564146763657
ipAddress: 0:0:0:0:0:0:0:1
lastlocation:
  world: world
  x: 485.30000001192093
  y: 66.0
  z: 279.42909996620324
  yaw: 203.41382
  pitch: 9.47595
logoutlocation:
  world: world
  x: 478.8627791617687
  y: 62.0
  z: 270.80343848202335
  yaw: 12.266236
  pitch: 6.828429
