lastAccountName: Lads
timestamps:
  login: 1564386632619
  logout: 1564386682620
  lastteleport: 1564322798875
ipAddress: 0:0:0:0:0:0:0:1
lastlocation:
  world: world
  x: 496.71976223242723
  y: 55.0
  z: 278.84512978339643
  yaw: -265.65332
  pitch: 4.6994944
logoutlocation:
  world: world
  x: 514.6999999880791
  y: 35.53584062504456
  z: 273.61668332982515
  yaw: -58.54715
  pitch: 52.82681
money: '393.91'
