lastAccountName: boredchinese
timestamps:
  login: 1570013502854
  logout: 1570013857231
  lastteleport: 1570013598656
ipAddress: 0:0:0:0:0:0:0:1
lastlocation:
  world: world
  x: 469.735805267037
  y: 66.0
  z: 232.0503053074254
  yaw: -83.708626
  pitch: 27.000015
logoutlocation:
  world: world
  x: 373.53271736518775
  y: 66.0
  z: 213.86195682710286
  yaw: -187.05858
  pitch: 8.849989
money: '4026.0'
