lastAccountName: boredchinese
timestamps:
  login: 1567167933870
  logout: 1567168786314
  lastteleport: 1564067144844
ipAddress: 0:0:0:0:0:0:0:1
lastlocation:
  world: world
  x: 378.56132796048286
  y: 63.0
  z: 209.99706220153624
  yaw: 35.99124
  pitch: 37.5
logoutlocation:
  world: world
  x: 373.53271736518775
  y: 66.0
  z: 213.86195682710286
  yaw: -187.05858
  pitch: 8.849989
money: '4026.0'
