lastAccountName: boredchinese
timestamps:
  login: 1564147051755
  logout: 1564148859849
  lastteleport: 1564067144844
ipAddress: 0:0:0:0:0:0:0:1
lastlocation:
  world: world
  x: 378.56132796048286
  y: 63.0
  z: 209.99706220153624
  yaw: 35.99124
  pitch: 37.5
logoutlocation:
  world: world
  x: 377.9772473993185
  y: 70.0
  z: 211.75936676511745
  yaw: -345.0086
  pitch: 25.199957
money: '4026.0'
