lastAccountName: ItsNine
timestamps:
  login: 1564771179450
  logout: 1564771561854
ipAddress: 0:0:0:0:0:0:0:1
lastlocation:
  world: world
  x: 3.5
  y: 69.0
  z: 221.5
  yaw: 3.288561
  pitch: 0.0
logoutlocation:
  world: world
  x: -13.077868815918098
  y: 67.0
  z: 228.6112559064169
  yaw: -15.662851
  pitch: 11.553366
