lastAccountName: Dustin_Doucette
timestamps:
  login: 1569406334303
  logout: 1569406373622
ipAddress: 0:0:0:0:0:0:0:1
lastlocation:
  world: world
  x: -1.5
  y: 69.0
  z: 217.5
  yaw: 4.7941585
  pitch: 0.0
logoutlocation:
  world: world
  x: -6.5
  y: 69.0
  z: 216.5
  yaw: -179.8543
  pitch: 1.0739887
