lastAccountName: ImCrack_PvPYT
timestamps:
  login: 1567819607887
  logout: 1567819787624
ipAddress: 0:0:0:0:0:0:0:1
lastlocation:
  world: world
  x: 2.5
  y: 68.0
  z: 206.5
  yaw: 0.85958993
  pitch: 0.0
logoutlocation:
  world: world
  x: -5.115079725079469
  y: 69.0
  z: 207.9815518042954
  yaw: -179.13474
  pitch: 9.962171
