lastAccountName: kimremeds
timestamps:
  login: 1570952220254
  lastteleport: 1570949601126
  logout: 1570952321850
ipAddress: 0:0:0:0:0:0:0:1
lastlocation:
  world: world
  x: -6.5
  y: 69.0
  z: 216.5
  yaw: -177.91922
  pitch: 10.282581
logoutlocation:
  world: world
  x: 787.6461521266294
  y: 13.0
  z: -1218.5404698613563
  yaw: 132.37259
  pitch: 42.422173
