lastAccountName: Ronai
timestamps:
  login: 1564772368069
  lastteleport: 1564771604999
  logout: 1564772439604
ipAddress: 0:0:0:0:0:0:0:1
lastlocation:
  world: world
  x: -1.7552289842949138
  y: 75.0
  z: 240.94875383274592
  yaw: -339.2776
  pitch: 35.709965
money: '3.50'
logoutlocation:
  world: world
  x: -3.408850728953297
  y: 69.0
  z: 216.6040034442258
  yaw: -149.35783
  pitch: 32.280838
