lastAccountName: JezT
timestamps:
  login: 1563977146723
  lastteleport: 1563977430528
  logout: 1563978069260
ipAddress: 0:0:0:0:0:0:0:1
lastlocation:
  world: world
  x: -2.8133296507659455
  y: 70.00133597911214
  z: 209.7996021409943
  yaw: 71.1958
  pitch: 6.367011
logoutlocation:
  world: world
  x: -92.3065169314786
  y: 62.0732652521753
  z: 351.3481060372834
  yaw: 186.34033
  pitch: 16.32317
