lastAccountName: JezT
timestamps:
  login: 1564281899426
  lastteleport: 1564282167945
  logout: 1564283503553
ipAddress: 0:0:0:0:0:0:0:1
lastlocation:
  world: world
  x: -92.3065169314786
  y: 62.0732652521753
  z: 351.3481060372834
  yaw: 276.5625
  pitch: 26.639757
logoutlocation:
  world: world
  x: 1009.2210160312278
  y: 58.0
  z: -126.3000000119209
  yaw: -265.87976
  pitch: 1.3254045
