lastAccountName: Mangaboy5398
timestamps:
  login: 1564140419732
  lastteleport: 1564079713134
  logout: 1564146988315
ipAddress: 0:0:0:0:0:0:0:1
lastlocation:
  world: world
  x: 931.0044114505646
  y: 38.0
  z: -1245.4987088925734
  yaw: 41.876648
  pitch: 8.999589
logoutlocation:
  world: world
  x: 916.317491268713
  y: 11.0
  z: -1206.3331029188573
  yaw: 3.8024902
  pitch: 22.649372
money: '2.00'
