lastAccountName: Giniguy
timestamps:
  login: 1568533924002
  logout: 1568541814634
  lastteleport: 1568299577798
ipAddress: 0:0:0:0:0:0:0:1
lastlocation:
  world: world
  x: 769.8000556457152
  y: 54.0
  z: -480.66810377821474
  yaw: -331.05347
  pitch: 2.5765111
logoutlocation:
  world: world
  x: 772.5749999880791
  y: 54.125
  z: -464.57499998807907
  yaw: -198.78516
  pitch: 24.959356
afk: false
nickname: Giniguy
money: '50.0'
