lastAccountName: Giniguy
timestamps:
  login: 1567177406647
  logout: 1567185269096
  lastteleport: 1567004009096
ipAddress: 0:0:0:0:0:0:0:1
lastlocation:
  world: world
  x: 776.1637126892992
  y: 54.0
  z: -483.64845507099574
  yaw: -275.03094
  pitch: 51.71741
logoutlocation:
  world: world
  x: 759.4500584858739
  y: 56.0
  z: -507.01300931199813
  yaw: -340.21484
  pitch: 17.457607
afk: false
nickname: Giniguy
