lastAccountName: Giniguy
timestamps:
  login: 1570544449432
  logout: 1570547782565
  lastteleport: 1570351620039
ipAddress: 0:0:0:0:0:0:0:1
lastlocation:
  world: world
  x: 781.2238987502184
  y: 68.0
  z: -422.5267921109774
  yaw: -132.299
  pitch: 3.472381
logoutlocation:
  world: world
  x: 754.0570838467136
  y: 67.0
  z: -428.9904330121025
  yaw: -110.332275
  pitch: 29.100937
afk: false
nickname: Giniguy
money: '19930.0'
