lastAccountName: Giniguy
timestamps:
  login: 1568298457140
  logout: 1568299734437
  lastteleport: 1568299577798
ipAddress: 0:0:0:0:0:0:0:1
lastlocation:
  world: world
  x: 769.8000556457152
  y: 54.0
  z: -480.66810377821474
  yaw: -331.05347
  pitch: 2.5765111
logoutlocation:
  world: world
  x: 770.1142074643229
  y: 66.0
  z: -474.5602983698322
  yaw: -248.79688
  pitch: 24.067087
afk: false
nickname: Giniguy
money: '50.0'
