lastAccountName: Giniguy
timestamps:
  login: 1566822100091
  logout: 1566824483887
  lastteleport: 1566823449778
ipAddress: 0:0:0:0:0:0:0:1
lastlocation:
  world: world
  x: 760.813772108391
  y: 52.0
  z: -501.70325976343594
  yaw: -72.865845
  pitch: 34.473305
logoutlocation:
  world: world
  x: 761.6269814981722
  y: 50.0
  z: -501.69999998807907
  yaw: -358.3126
  pitch: 36.830627
afk: false
nickname: Giniguy
