lastAccountName: Giniguy
timestamps:
  login: 1569083662858
  logout: 1569085348204
  lastteleport: 1569085016386
ipAddress: 0:0:0:0:0:0:0:1
lastlocation:
  world: world
  x: 764.6999999880791
  y: 40.0
  z: -507.69999998807907
  yaw: -89.480225
  pitch: 16.450459
logoutlocation:
  world: world
  x: 788.2909599456341
  y: 54.0
  z: -479.0669843982161
  yaw: -1.2122803
  pitch: 8.174013
afk: false
nickname: Giniguy
money: '100.0'
