lastAccountName: Giniguy
timestamps:
  login: 1566664157685
  logout: 1566671937430
  lastteleport: 1566666424216
ipAddress: 0:0:0:0:0:0:0:1
lastlocation:
  world: world
  x: -6047.374126809372
  y: 82.0
  z: -1831.0596115605624
  yaw: -337.68747
  pitch: -3.6249933
logoutlocation:
  world: world
  x: 784.7650234061607
  y: 54.0
  z: -475.25939929993103
  yaw: -122.9198
  pitch: 15.666951
afk: false
nickname: Belle_Delphine
