lastAccountName: Giniguy
timestamps:
  login: 1566616643063
  logout: 1566617253353
  lastteleport: 1566617071084
ipAddress: 0:0:0:0:0:0:0:1
lastlocation:
  world: world
  x: 784.4232334684687
  y: 55.0
  z: -478.150487692751
  yaw: -332.25244
  pitch: 28.77008
logoutlocation:
  world: world
  x: 604.6999999880791
  y: 67.0
  z: -911.361587029784
  yaw: -283.85056
  pitch: 68.396126
afk: false
nickname: Belle_Delphine
