lastAccountName: Giniguy
timestamps:
  login: 1569734468464
  logout: 1569737386941
  lastteleport: 1569424161002
ipAddress: 0:0:0:0:0:0:0:1
lastlocation:
  world: world
  x: 774.446398056933
  y: 64.9375
  z: -462.0539724549013
  yaw: -320.04272
  pitch: 15.350042
logoutlocation:
  world: world
  x: 801.5883400633129
  y: 67.0
  z: -453.2497078654662
  yaw: -227.09747
  pitch: 17.80113
afk: false
nickname: Giniguy
money: '100.0'
