lastAccountName: Giniguy
timestamps:
  login: 1567520102642
  logout: 1567525190127
  lastteleport: 1567436856195
ipAddress: 0:0:0:0:0:0:0:1
lastlocation:
  world: world
  x: 777.9082049621097
  y: 54.0
  z: -468.7976825800822
  yaw: -340.729
  pitch: 11.749809
logoutlocation:
  world: world
  x: 761.3000000119209
  y: 59.0
  z: -455.69318192997423
  yaw: -183.67822
  pitch: 46.00231
afk: false
nickname: Giniguy
