lastAccountName: Giniguy
timestamps:
  login: 1569602080438
  logout: 1569605579974
  lastteleport: 1569424161002
ipAddress: 0:0:0:0:0:0:0:1
lastlocation:
  world: world
  x: 774.446398056933
  y: 64.9375
  z: -462.0539724549013
  yaw: -320.04272
  pitch: 15.350042
logoutlocation:
  world: world
  x: 768.3452002709091
  y: 66.5625
  z: -475.83728801160527
  yaw: -201.23859
  pitch: 34.811348
afk: false
nickname: Giniguy
money: '100.0'
