lastAccountName: Giniguy
timestamps:
  login: 1567911175641
  logout: 1567914849501
  lastteleport: 1567871231133
ipAddress: 0:0:0:0:0:0:0:1
lastlocation:
  world: world
  x: 781.1195863247003
  y: 54.0
  z: -478.0982394336001
  yaw: 70.734825
  pitch: 24.510479
logoutlocation:
  world: world
  x: 770.6999999880791
  y: 66.0
  z: -478.02158574575003
  yaw: -289.24304
  pitch: 16.90261
afk: false
nickname: Giniguy
