lastAccountName: Giniguy
timestamps:
  login: 1568553324592
  logout: 1568554993280
  lastteleport: 1568554290231
ipAddress: 0:0:0:0:0:0:0:1
lastlocation:
  world: world
  x: 782.2655871220461
  y: 54.0
  z: -475.60890026365126
  yaw: -79.477844
  pitch: -0.78720576
logoutlocation:
  world: world
  x: 787.0429140273212
  y: 54.7531999805212
  z: -497.39488078065943
  yaw: -186.30225
  pitch: 21.488047
afk: false
nickname: Giniguy
money: '50.0'
