lastAccountName: Giniguy
timestamps:
  login: 1567788704326
  logout: 1567792273170
  lastteleport: 1567604048030
ipAddress: 0:0:0:0:0:0:0:1
lastlocation:
  world: world
  x: 765.5366057519767
  y: 54.0
  z: -463.5514531768939
  yaw: -219.04199
  pitch: 3.2425141
logoutlocation:
  world: world
  x: 778.8852231961222
  y: 66.0
  z: -475.4292054075277
  yaw: 142.34485
  pitch: 20.926449
afk: false
nickname: Giniguy
