lastAccountName: Giniguy
timestamps:
  login: 1572182713945
  logout: 1572182966397
  lastteleport: 1570351620039
ipAddress: 0:0:0:0:0:0:0:1
lastlocation:
  world: world
  x: 781.2238987502184
  y: 68.0
  z: -422.5267921109774
  yaw: -132.299
  pitch: 3.472381
logoutlocation:
  world: world
  x: 751.3000000119209
  y: 74.0
  z: -423.191957077058
  yaw: -174.7699
  pitch: 16.457308
afk: false
nickname: Giniguy
money: '19930.0'
