lastAccountName: Giniguy
timestamps:
  login: 1567988446087
  logout: 1567990818717
  lastteleport: 1567954281337
ipAddress: 0:0:0:0:0:0:0:1
lastlocation:
  world: world
  x: 737.8257339186014
  y: 69.0
  z: -46.578666441399676
  yaw: -333.9378
  pitch: 18.59668
logoutlocation:
  world: world
  x: 808.2597133121452
  y: 69.0
  z: -400.35225781458945
  yaw: -85.75806
  pitch: 35.710735
afk: false
nickname: Giniguy
