lastAccountName: Giniguy
timestamps:
  login: 1567312603074
  logout: 1567312653122
  lastteleport: 1567264844692
ipAddress: 0:0:0:0:0:0:0:1
lastlocation:
  world: world
  x: 782.3341853506391
  y: 54.0
  z: -477.9030940710308
  yaw: -206.31033
  pitch: 5.593118
logoutlocation:
  world: world
  x: 774.3000000119209
  y: 61.231523797587016
  z: -477.61793551836263
  yaw: 172.7319
  pitch: 49.03109
afk: false
nickname: Giniguy
