lastAccountName: Giniguy
timestamps:
  login: 1568465817109
  logout: 1568467498206
  lastteleport: 1568299577798
ipAddress: 0:0:0:0:0:0:0:1
lastlocation:
  world: world
  x: 769.8000556457152
  y: 54.0
  z: -480.66810377821474
  yaw: -331.05347
  pitch: 2.5765111
logoutlocation:
  world: world
  x: 775.8124935246342
  y: 94.0
  z: -491.00031056118877
  yaw: -35.31079
  pitch: 23.28125
afk: false
nickname: Giniguy
money: '50.0'
