lastAccountName: Giniguy
timestamps:
  login: 1569162004556
  logout: 1569165531786
  lastteleport: 1569163850316
ipAddress: 0:0:0:0:0:0:0:1
lastlocation:
  world: world
  x: 780.4805243082708
  y: 54.875
  z: -474.47683207887536
  yaw: -334.146
  pitch: 24.063007
logoutlocation:
  world: world
  x: 780.988769263711
  y: 54.0
  z: -489.2695296753624
  yaw: -2.670166
  pitch: 14.218507
afk: false
nickname: Giniguy
money: '100.0'
