lastAccountName: Giniguy
timestamps:
  login: 1567698694923
  logout: 1567698755990
  lastteleport: 1567604048030
ipAddress: 0:0:0:0:0:0:0:1
lastlocation:
  world: world
  x: 765.5366057519767
  y: 54.0
  z: -463.5514531768939
  yaw: -219.04199
  pitch: 3.2425141
logoutlocation:
  world: world
  x: 759.093287328265
  y: 67.02442408821369
  z: -473.71291459127775
  yaw: -336.72147
  pitch: 25.741371
afk: false
nickname: Giniguy
