lastAccountName: Giniguy
timestamps:
  login: 1566759188893
  logout: 1566760591919
  lastteleport: 1566748936117
ipAddress: 0:0:0:0:0:0:0:1
lastlocation:
  world: world
  x: 149.30000001192093
  y: 48.0
  z: -2377.4739413473126
  yaw: 184.02438
  pitch: 8.3977375
logoutlocation:
  world: world
  x: 782.3341853506391
  y: 54.0
  z: -477.9030940710308
  yaw: -206.31033
  pitch: 5.593118
afk: false
nickname: Giniguy
