lastAccountName: Giniguy
timestamps:
  login: 1568129143326
  logout: 1568130486028
  lastteleport: 1568127654361
ipAddress: 0:0:0:0:0:0:0:1
lastlocation:
  world: world
  x: 762.518105945634
  y: 56.0
  z: -464.8025294127459
  yaw: -226.6767
  pitch: 54.955067
logoutlocation:
  world: world
  x: 771.5124999880791
  y: 71.0
  z: -476.4867954175983
  yaw: -136.45941
  pitch: 31.786963
afk: false
nickname: Giniguy
money: '50.0'
