lastAccountName: Giniguy
timestamps:
  login: 1569034337388
  logout: 1569036644653
  lastteleport: 1568904896098
ipAddress: 0:0:0:0:0:0:0:1
lastlocation:
  world: world
  x: 811.6818064632577
  y: 78.0
  z: -276.27394599381944
  yaw: -285.8557
  pitch: 14.080253
logoutlocation:
  world: world
  x: 780.6739324036405
  y: 54.875
  z: -480.14719399854
  yaw: -1.4311523
  pitch: 9.8464575
afk: false
nickname: Giniguy
money: '100.0'
