lastAccountName: Giniguy
timestamps:
  login: 1567432698994
  logout: 1567438033173
  lastteleport: 1567436856195
ipAddress: 0:0:0:0:0:0:0:1
lastlocation:
  world: world
  x: 777.9082049621097
  y: 54.0
  z: -468.7976825800822
  yaw: -340.729
  pitch: 11.749809
logoutlocation:
  world: world
  x: 782.9679698308453
  y: 54.0
  z: -483.2866019607438
  yaw: -209.67969
  pitch: -16.011232
afk: false
nickname: Giniguy
