lastAccountName: Giniguy
timestamps:
  login: 1564852392108
  logout: 1564856279372
  lastteleport: 1564841442471
ipAddress: 0:0:0:0:0:0:0:1
lastlocation:
  world: world
  x: -232.92298445147398
  y: 78.0
  z: -130.30000001192093
  yaw: -100.236694
  pitch: -1.9046454
logoutlocation:
  world: world
  x: 805.7512296417857
  y: 76.0
  z: -451.0604143157464
  yaw: -53.045624
  pitch: 27.200466
afk: false
