lastAccountName: Giniguy
timestamps:
  login: 1567958129370
  logout: 1567958394737
  lastteleport: 1567954281337
ipAddress: 0:0:0:0:0:0:0:1
lastlocation:
  world: world
  x: 737.8257339186014
  y: 69.0
  z: -46.578666441399676
  yaw: -333.9378
  pitch: 18.59668
logoutlocation:
  world: world
  x: -954.0681656707976
  y: 70.0
  z: -877.6200006437389
  yaw: -80.73389
  pitch: 16.20959
afk: false
nickname: Giniguy
