lastAccountName: Giniguy
timestamps:
  login: 1568209420018
  logout: 1568209678418
  lastteleport: 1568127654361
ipAddress: 0:0:0:0:0:0:0:1
lastlocation:
  world: world
  x: 762.518105945634
  y: 56.0
  z: -464.8025294127459
  yaw: -226.6767
  pitch: 54.955067
logoutlocation:
  world: world
  x: 778.4401246945804
  y: 64.0
  z: -441.88667976313144
  yaw: 131.86212
  pitch: 17.128595
afk: false
nickname: Giniguy
money: '50.0'
