lastAccountName: Giniguy
timestamps:
  login: 1566796814559
  logout: 1566804492577
  lastteleport: 1566748936117
ipAddress: 0:0:0:0:0:0:0:1
lastlocation:
  world: world
  x: 149.30000001192093
  y: 48.0
  z: -2377.4739413473126
  yaw: 184.02438
  pitch: 8.3977375
logoutlocation:
  world: world
  x: 765.1844823208521
  y: 54.0
  z: -488.48787278860124
  yaw: -187.61102
  pitch: 16.898607
afk: false
nickname: Giniguy
