lastAccountName: Giniguy
timestamps:
  login: 1567785352963
  logout: 1567787142740
  lastteleport: 1567604048030
ipAddress: 0:0:0:0:0:0:0:1
lastlocation:
  world: world
  x: 765.5366057519767
  y: 54.0
  z: -463.5514531768939
  yaw: -219.04199
  pitch: 3.2425141
logoutlocation:
  world: world
  x: 770.4418114671281
  y: 71.0
  z: -476.11535345329054
  yaw: -284.02246
  pitch: 47.237198
afk: false
nickname: Giniguy
