lastAccountName: Giniguy
timestamps:
  login: 1570717670065
  logout: 1570719925885
  lastteleport: 1570351620039
ipAddress: 0:0:0:0:0:0:0:1
lastlocation:
  world: world
  x: 781.2238987502184
  y: 68.0
  z: -422.5267921109774
  yaw: -132.299
  pitch: 3.472381
logoutlocation:
  world: world
  x: 769.8261243670398
  y: 66.0
  z: -477.5817513516528
  yaw: -359.76074
  pitch: 44.329567
afk: false
nickname: Giniguy
money: '19930.0'
