lastAccountName: Giniguy
timestamps:
  login: 1566123231898
  logout: 1566124073011
  lastteleport: 1566123750479
ipAddress: 0:0:0:0:0:0:0:1
lastlocation:
  world: world
  x: 789.6999999880791
  y: 54.875
  z: -461.0727753805853
  yaw: -209.54883
  pitch: 11.973481
logoutlocation:
  world: world
  x: -649.888466384564
  y: 16.0
  z: -487.6999999880791
  yaw: -205.84561
  pitch: -0.4785633
afk: false
