lastAccountName: Giniguy
timestamps:
  login: 1566354493454
  logout: 1566356079451
  lastteleport: 1566314552235
ipAddress: 0:0:0:0:0:0:0:1
lastlocation:
  world: world
  x: 781.5507213264672
  y: 54.875
  z: -476.3882710511771
  yaw: -58.54135
  pitch: 23.614988
logoutlocation:
  world: world
  x: -946.2231804634503
  y: 70.0
  z: -928.6723157493344
  yaw: -307.17676
  pitch: 12.96341
afk: false
