lastAccountName: Giniguy
timestamps:
  login: 1568644273013
  logout: 1568645873689
  lastteleport: 1568556260145
ipAddress: 0:0:0:0:0:0:0:1
lastlocation:
  world: world
  x: 781.2402353182435
  y: 54.0
  z: -478.01389977018044
  yaw: -230.57312
  pitch: 24.06898
logoutlocation:
  world: world_the_end
  x: 1289.4248998773487
  y: 58.0
  z: -4293.190860509153
  yaw: -321.3994
  pitch: 10.749773
afk: false
nickname: Giniguy
money: '50.0'
