lastAccountName: Giniguy
timestamps:
  login: 1570113118013
  logout: 1570113355986
  lastteleport: 1570024195231
ipAddress: 0:0:0:0:0:0:0:1
lastlocation:
  world: world
  x: 764.6316774618737
  y: 65.0
  z: -482.33728759739864
  yaw: 156.9143
  pitch: 73.65699
logoutlocation:
  world: world
  x: 786.1858707887263
  y: 54.0
  z: -478.65492496718684
  yaw: -213.01709
  pitch: 50.479416
afk: false
nickname: Giniguy
money: '12694.0'
