lastAccountName: Giniguy
timestamps:
  login: 1569940040359
  logout: 1569941960272
  lastteleport: 1569941017649
ipAddress: 0:0:0:0:0:0:0:1
lastlocation:
  world: world
  x: 733.3484971892607
  y: 68.0
  z: -423.106761222588
  yaw: -122.30957
  pitch: 14.772598
logoutlocation:
  world: world
  x: 778.3879691654438
  y: 56.0
  z: -479.65809189034184
  yaw: -322.72272
  pitch: 49.58474
afk: false
nickname: Giniguy
money: '12694.0'
