lastAccountName: Giniguy
timestamps:
  login: 1568394198774
  logout: 1568394333454
  lastteleport: 1568299577798
ipAddress: 0:0:0:0:0:0:0:1
lastlocation:
  world: world
  x: 769.8000556457152
  y: 54.0
  z: -480.66810377821474
  yaw: -331.05347
  pitch: 2.5765111
logoutlocation:
  world: world
  x: 782.4989580177437
  y: 57.0
  z: -506.5527592017111
  yaw: -123.41577
  pitch: 46.45454
afk: false
nickname: Giniguy
money: '50.0'
