lastAccountName: Giniguy
timestamps:
  login: 1568555727108
  logout: 1568562979055
  lastteleport: 1568556260145
ipAddress: 0:0:0:0:0:0:0:1
lastlocation:
  world: world
  x: 781.2402353182435
  y: 54.0
  z: -478.01389977018044
  yaw: -230.57312
  pitch: 24.06898
logoutlocation:
  world: world
  x: 778.7649253716766
  y: 55.875
  z: -476.67519214266486
  yaw: -151.32913
  pitch: 41.86066
afk: false
nickname: Giniguy
money: '50.0'
