lastAccountName: Giniguy
timestamps:
  login: 1569420860827
  logout: 1569425721124
  lastteleport: 1569424161002
ipAddress: 0:0:0:0:0:0:0:1
lastlocation:
  world: world
  x: 774.446398056933
  y: 64.9375
  z: -462.0539724549013
  yaw: -320.04272
  pitch: 15.350042
logoutlocation:
  world: world
  x: 790.0006244089399
  y: 54.0
  z: -481.2098209839242
  yaw: -261.1349
  pitch: 12.203921
afk: false
nickname: Giniguy
money: '100.0'
