lastAccountName: Giniguy
timestamps:
  login: 1569248538013
  logout: 1569252730018
  lastteleport: 1569251096998
ipAddress: 0:0:0:0:0:0:0:1
lastlocation:
  world: world
  x: 763.2475596171652
  y: 52.0
  z: -507.67902786476196
  yaw: -269.96045
  pitch: 46.34484
logoutlocation:
  world: world
  x: 785.2770818084222
  y: 55.0
  z: -479.17331043785254
  yaw: -54.19458
  pitch: 32.12614
afk: false
nickname: Giniguy
money: '100.0'
