lastAccountName: Giniguy
timestamps:
  login: 1566617414325
  logout: 1566617975807
  lastteleport: 1566617478692
ipAddress: 0:0:0:0:0:0:0:1
lastlocation:
  world: world
  x: 781.0124745598691
  y: 54.0
  z: -483.0132038798992
  yaw: -4.1437683
  pitch: 33.359806
logoutlocation:
  world: world
  x: 777.3000000119209
  y: 56.0
  z: -485.49094194036405
  yaw: -346.67682
  pitch: 2.6825924
afk: false
nickname: Belle_Delphine
