lastAccountName: Giniguy
timestamps:
  login: 1568019460936
  logout: 1568019684309
  lastteleport: 1568011111314
ipAddress: 0:0:0:0:0:0:0:1
lastlocation:
  world: world
  x: 110.3060342816566
  y: 67.0
  z: 260.0583690592242
  yaw: -91.09802
  pitch: 8.392498
logoutlocation:
  world: world
  x: 819.7267137562142
  y: 67.0
  z: -403.30000001192093
  yaw: -122.67432
  pitch: 27.197283
afk: false
nickname: Giniguy
