lastAccountName: Giniguy
timestamps:
  login: 1566487087784
  logout: 1566489549245
  lastteleport: 1566489288068
ipAddress: 0:0:0:0:0:0:0:1
lastlocation:
  world: world
  x: 757.3000000119209
  y: 54.0
  z: -493.28224404540805
  yaw: -244.13126
  pitch: 5.409253
logoutlocation:
  world: world
  x: 775.3943289265338
  y: 54.0
  z: -475.81223661353187
  yaw: -48.637573
  pitch: 10.757841
afk: false
