lastAccountName: Giniguy
timestamps:
  login: 1566055226315
  logout: 1566062125707
  lastteleport: 1566054665045
ipAddress: 0:0:0:0:0:0:0:1
lastlocation:
  world: world
  x: 753.5736315033092
  y: 54.0
  z: -490.9901456909758
  yaw: 245.80261
  pitch: 52.723957
logoutlocation:
  world: world
  x: 765.9207254254055
  y: 54.0
  z: -491.4146916821364
  yaw: -297.958
  pitch: 13.210933
afk: false
