lastAccountName: Giniguy
timestamps:
  login: 1567003321442
  logout: 1567007506162
  lastteleport: 1567004009096
ipAddress: 0:0:0:0:0:0:0:1
lastlocation:
  world: world
  x: 776.1637126892992
  y: 54.0
  z: -483.64845507099574
  yaw: -275.03094
  pitch: 51.71741
logoutlocation:
  world: world
  x: 785.6687778360966
  y: 54.64340687728247
  z: -478.6511392087665
  yaw: -282.7246
  pitch: 69.851074
afk: false
nickname: Giniguy
