lastAccountName: Giniguy
timestamps:
  login: 1567930563346
  logout: 1567933046823
  lastteleport: 1567932023204
ipAddress: 0:0:0:0:0:0:0:1
lastlocation:
  world: world
  x: 781.2571899481159
  y: 65.0
  z: -93.90953579099542
  yaw: -237.6665
  pitch: -9.381766
logoutlocation:
  world: world
  x: 796.9816992456449
  y: 71.5
  z: -284.51900993153583
  yaw: -241.33081
  pitch: 26.752779
afk: false
nickname: Giniguy
