lastAccountName: Giniguy
timestamps:
  login: 1566399670406
  logout: 1566401602640
  lastteleport: 1566399245814
ipAddress: 0:0:0:0:0:0:0:1
lastlocation:
  world: world
  x: 776.0749999880791
  y: 57.0
  z: -498.69999998807907
  yaw: -13.717529
  pitch: 10.633665
logoutlocation:
  world: world
  x: 784.18506966231
  y: 54.0
  z: -483.9416310297857
  yaw: -172.86035
  pitch: 10.637027
afk: false
