lastAccountName: Giniguy
timestamps:
  login: 1570808637720
  logout: 1570809894439
  lastteleport: 1570351620039
ipAddress: 0:0:0:0:0:0:0:1
lastlocation:
  world: world
  x: 781.2238987502184
  y: 68.0
  z: -422.5267921109774
  yaw: -132.299
  pitch: 3.472381
logoutlocation:
  world: world
  x: 755.3714428912181
  y: 66.0
  z: -420.97091978563157
  yaw: -69.035034
  pitch: 29.328905
afk: false
nickname: Giniguy
money: '19930.0'
