lastAccountName: Giniguy
timestamps:
  login: 1568995339824
  logout: 1568996581812
  lastteleport: 1568904896098
ipAddress: 0:0:0:0:0:0:0:1
lastlocation:
  world: world
  x: 811.6818064632577
  y: 78.0
  z: -276.27394599381944
  yaw: -285.8557
  pitch: 14.080253
logoutlocation:
  world: world
  x: 753.9349704111902
  y: 40.0
  z: -492.31978923631044
  yaw: -76.930786
  pitch: 5.48268
afk: false
nickname: Giniguy
money: '100.0'
