lastAccountName: Giniguy
timestamps:
  login: 1566107124756
  logout: 1566109602104
  lastteleport: 1566107269132
ipAddress: 0:0:0:0:0:0:0:1
lastlocation:
  world: world
  x: 776.3000000119209
  y: 65.0
  z: -474.4356311220464
  yaw: -69.48895
  pitch: 12.650613
logoutlocation:
  world: world
  x: 764.6291280248068
  y: 54.0
  z: -495.2166344282512
  yaw: -102.25583
  pitch: 18.800575
afk: false
