lastAccountName: Giniguy
timestamps:
  login: 1566570559027
  logout: 1566573782294
  lastteleport: 1566573340273
ipAddress: 0:0:0:0:0:0:0:1
lastlocation:
  world: world
  x: 785.6689839172963
  y: 54.0
  z: -476.72430458873487
  yaw: -264.61566
  pitch: 14.548027
logoutlocation:
  world: world
  x: 759.894296542195
  y: 55.25220334025373
  z: -477.0622823093457
  yaw: -48.012573
  pitch: 11.6375265
afk: false
nickname: Belle_Delphine
