lastAccountName: Giniguy
timestamps:
  login: 1567991030225
  logout: 1567997531261
  lastteleport: 1567954281337
ipAddress: 0:0:0:0:0:0:0:1
lastlocation:
  world: world
  x: 737.8257339186014
  y: 69.0
  z: -46.578666441399676
  yaw: -333.9378
  pitch: 18.59668
logoutlocation:
  world: world
  x: 782.3341853506391
  y: 54.0
  z: -477.9030940710308
  yaw: -206.31033
  pitch: 5.593118
afk: false
nickname: Giniguy
