lastAccountName: Giniguy
timestamps:
  login: 1567438648920
  logout: 1567438839797
  lastteleport: 1567436856195
ipAddress: 0:0:0:0:0:0:0:1
lastlocation:
  world: world
  x: 777.9082049621097
  y: 54.0
  z: -468.7976825800822
  yaw: -340.729
  pitch: 11.749809
logoutlocation:
  world: world
  x: 774.3257704733966
  y: 61.5
  z: -476.8332053913004
  yaw: -271.16455
  pitch: -9.18317
afk: false
nickname: Giniguy
