lastAccountName: Giniguy
timestamps:
  login: 1568038894912
  logout: 1568039898496
  lastteleport: 1568039368667
ipAddress: 0:0:0:0:0:0:0:1
lastlocation:
  world: world
  x: 803.8969850794897
  y: 68.0
  z: -431.7267203807152
  yaw: -208.95801
  pitch: 10.076316
logoutlocation:
  world: world
  x: 824.2547908971924
  y: 67.0
  z: -98.56197801544045
  yaw: -149.52942
  pitch: -2.4600048
afk: false
nickname: Giniguy
money: '50.0'
