lastAccountName: Giniguy
timestamps:
  login: 1572243797533
  logout: 1572243866805
  lastteleport: 1570351620039
ipAddress: 0:0:0:0:0:0:0:1
lastlocation:
  world: world
  x: 781.2238987502184
  y: 68.0
  z: -422.5267921109774
  yaw: -132.299
  pitch: 3.472381
logoutlocation:
  world: world
  x: 784.505644511638
  y: 55.0
  z: -479.9072176350125
  yaw: -161.67677
  pitch: 77.23919
afk: false
nickname: Giniguy
money: '19930.0'
