lastAccountName: Giniguy
timestamps:
  login: 1570113690100
  logout: 1570115161967
  lastteleport: 1570024195231
ipAddress: 0:0:0:0:0:0:0:1
lastlocation:
  world: world
  x: 764.6316774618737
  y: 65.0
  z: -482.33728759739864
  yaw: 156.9143
  pitch: 73.65699
logoutlocation:
  world: world
  x: 767.3000000119209
  y: 66.0
  z: -479.96260834626395
  yaw: -8.613831
  pitch: 25.188217
afk: false
nickname: Giniguy
money: '12694.0'
