lastAccountName: Giniguy
timestamps:
  login: 1569854897775
  logout: 1569855741291
  lastteleport: 1569764709648
ipAddress: 0:0:0:0:0:0:0:1
lastlocation:
  world: world
  x: 758.0191963610599
  y: 54.0
  z: -460.626516543383
  yaw: -239.4352
  pitch: 1.7873007
logoutlocation:
  world: world
  x: -1283.1724191502979
  y: 70.7531999805212
  z: -288.7119720188778
  yaw: -146.87292
  pitch: 10.612639
afk: false
nickname: Giniguy
money: '12694.0'
