lastAccountName: Giniguy
timestamps:
  login: 1568092165294
  logout: 1568097814882
  lastteleport: 1568093384470
ipAddress: 0:0:0:0:0:0:0:1
lastlocation:
  world: world
  x: 756.3463120203727
  y: 54.0
  z: -489.09693627607686
  yaw: -273.24023
  pitch: -5.2647777
logoutlocation:
  world: world
  x: 747.5828055572763
  y: 72.0
  z: -246.9306094326685
  yaw: -33.585545
  pitch: -39.175518
afk: false
nickname: Giniguy
money: '50.0'
