lastAccountName: Giniguy
timestamps:
  login: 1572100816970
  logout: 1572101964147
  lastteleport: 1570351620039
ipAddress: 0:0:0:0:0:0:0:1
lastlocation:
  world: world
  x: 781.2238987502184
  y: 68.0
  z: -422.5267921109774
  yaw: -132.299
  pitch: 3.472381
logoutlocation:
  world: world
  x: 781.2375000119209
  y: 54.0
  z: -479.61817372457483
  yaw: -267.8922
  pitch: 19.250645
afk: false
nickname: Giniguy
money: '19930.0'
