lastAccountName: Giniguy
timestamps:
  login: 1566369179434
  logout: 1566369182363
  lastteleport: 1566314552235
ipAddress: 0:0:0:0:0:0:0:1
lastlocation:
  world: world
  x: 781.5507213264672
  y: 54.875
  z: -476.3882710511771
  yaw: -58.54135
  pitch: 23.614988
logoutlocation:
  world: world
  x: 774.4341762354615
  y: 54.0
  z: -490.7702296520036
  yaw: 84.56262
  pitch: 0.5596046
afk: false
