lastAccountName: Giniguy
timestamps:
  login: 1567324801722
  logout: 1567333717275
  lastteleport: 1567264844692
ipAddress: 0:0:0:0:0:0:0:1
lastlocation:
  world: world
  x: 782.3341853506391
  y: 54.0
  z: -477.9030940710308
  yaw: -206.31033
  pitch: 5.593118
logoutlocation:
  world: world
  x: 980.8538412975367
  y: 6.0
  z: -493.15127055159223
  yaw: 49.365234
  pitch: -0.7813884
afk: false
nickname: Giniguy
