lastAccountName: Giniguy
timestamps:
  login: 1569680032576
  logout: 1569692037898
  lastteleport: 1569424161002
ipAddress: 0:0:0:0:0:0:0:1
lastlocation:
  world: world
  x: 774.446398056933
  y: 64.9375
  z: -462.0539724549013
  yaw: -320.04272
  pitch: 15.350042
logoutlocation:
  world: world
  x: 769.7113227840119
  y: 66.0
  z: -477.5199602290813
  yaw: -165.53882
  pitch: 10.524671
afk: false
nickname: Giniguy
money: '100.0'
