lastAccountName: Giniguy
timestamps:
  login: 1564762140250
  logout: 1564766371910
ipAddress: 0:0:0:0:0:0:0:1
lastlocation:
  world: world
  x: -6.5
  y: 69.0
  z: 208.5
  yaw: 3.198041
  pitch: 0.0
logoutlocation:
  world: world
  x: 779.7192608491212
  y: 69.0
  z: -475.39400945119917
  yaw: -49.360237
  pitch: -9.51664
