lastAccountName: Giniguy
timestamps:
  login: 1570020130214
  logout: 1570026447960
  lastteleport: 1570024195231
ipAddress: 0:0:0:0:0:0:0:1
lastlocation:
  world: world
  x: 764.6316774618737
  y: 65.0
  z: -482.33728759739864
  yaw: 156.9143
  pitch: 73.65699
logoutlocation:
  world: world
  x: 777.2143272230259
  y: 67.0
  z: -477.3697345545584
  yaw: 155.47438
  pitch: 30.555014
afk: false
nickname: Giniguy
money: '12694.0'
