lastAccountName: Giniguy
timestamps:
  login: 1569672570255
  logout: 1569673369423
  lastteleport: 1569424161002
ipAddress: 0:0:0:0:0:0:0:1
lastlocation:
  world: world
  x: 774.446398056933
  y: 64.9375
  z: -462.0539724549013
  yaw: -320.04272
  pitch: 15.350042
logoutlocation:
  world: world
  x: 795.3093480364339
  y: 73.0
  z: -422.89580297387795
  yaw: -102.280914
  pitch: 66.82603
afk: false
nickname: Giniguy
money: '100.0'
