lastAccountName: Giniguy
timestamps:
  login: 1566394357684
  logout: 1566399573722
  lastteleport: 1566399245814
ipAddress: 0:0:0:0:0:0:0:1
lastlocation:
  world: world
  x: 776.0749999880791
  y: 57.0
  z: -498.69999998807907
  yaw: -13.717529
  pitch: 10.633665
logoutlocation:
  world: world
  x: 785.2323366465899
  y: 55.0
  z: -495.52795278639906
  yaw: -242.64221
  pitch: 37.38949
afk: false
