lastAccountName: Giniguy
timestamps:
  login: 1567087073357
  logout: 1567089446757
  lastteleport: 1567004009096
ipAddress: 0:0:0:0:0:0:0:1
lastlocation:
  world: world
  x: 776.1637126892992
  y: 54.0
  z: -483.64845507099574
  yaw: -275.03094
  pitch: 51.71741
logoutlocation:
  world: world
  x: 785.0743575461307
  y: 55.0
  z: -478.6902096601775
  yaw: -15.298096
  pitch: 48.690742
afk: false
nickname: Giniguy
