lastAccountName: Giniguy
timestamps:
  login: 1570632801147
  logout: 1570633448803
  lastteleport: 1570351620039
ipAddress: 0:0:0:0:0:0:0:1
lastlocation:
  world: world
  x: 781.2238987502184
  y: 68.0
  z: -422.5267921109774
  yaw: -132.299
  pitch: 3.472381
logoutlocation:
  world: world
  x: 751.1206915609447
  y: 78.5
  z: -426.43103004016825
  yaw: -316.6089
  pitch: 39.291706
afk: false
nickname: Giniguy
money: '19930.0'
