lastAccountName: Giniguy
timestamps:
  login: 1568525401820
  logout: 1568525534117
  lastteleport: 1568299577798
ipAddress: 0:0:0:0:0:0:0:1
lastlocation:
  world: world
  x: 769.8000556457152
  y: 54.0
  z: -480.66810377821474
  yaw: -331.05347
  pitch: 2.5765111
logoutlocation:
  world: world
  x: 783.6999999880791
  y: 90.5625
  z: -489.75455663526645
  yaw: -243.89117
  pitch: -2.0148318
afk: false
nickname: Giniguy
money: '50.0'
