lastAccountName: Giniguy
timestamps:
  login: 1567220980520
  logout: 1567222593235
  lastteleport: 1567004009096
ipAddress: 0:0:0:0:0:0:0:1
lastlocation:
  world: world
  x: 776.1637126892992
  y: 54.0
  z: -483.64845507099574
  yaw: -275.03094
  pitch: 51.71741
logoutlocation:
  world: world
  x: 758.0879499459494
  y: 54.0
  z: -476.3138408145182
  yaw: -39.038086
  pitch: 5.2637544
afk: false
nickname: Giniguy
