lastAccountName: Giniguy
timestamps:
  login: 1566717933964
  logout: 1566722251805
  lastteleport: 1566666424216
ipAddress: 0:0:0:0:0:0:0:1
lastlocation:
  world: world
  x: -6047.374126809372
  y: 82.0
  z: -1831.0596115605624
  yaw: -337.68747
  pitch: -3.6249933
logoutlocation:
  world: world
  x: 541.3000000119209
  y: 70.0
  z: -765.4875000119209
  yaw: -151.73674
  pitch: 23.906342
afk: false
nickname: Giniguy
