lastAccountName: Giniguy
timestamps:
  login: 1570286962784
  logout: 1570287904382
  lastteleport: 1570287385151
ipAddress: 0:0:0:0:0:0:0:1
lastlocation:
  world: world
  x: 786.1557705683886
  y: 54.0
  z: -477.77133821303613
  yaw: -129.94824
  pitch: 17.689085
logoutlocation:
  world: world
  x: 771.3000000119209
  y: 61.0
  z: -480.0550885542436
  yaw: -194.229
  pitch: 4.025751
afk: false
nickname: Giniguy
money: '19930.0'
