lastAccountName: Giniguy
timestamps:
  login: 1570375500820
  logout: 1570377214246
  lastteleport: 1570351620039
ipAddress: 0:0:0:0:0:0:0:1
lastlocation:
  world: world
  x: 781.2238987502184
  y: 68.0
  z: -422.5267921109774
  yaw: -132.299
  pitch: 3.472381
logoutlocation:
  world: world
  x: 765.3627879580247
  y: 54.0
  z: -461.7976717244528
  yaw: -196.59033
  pitch: -9.176354
afk: false
nickname: Giniguy
money: '19930.0'
