lastAccountName: Giniguy
timestamps:
  login: 1570458319942
  logout: 1570458345723
  lastteleport: 1570351620039
ipAddress: 0:0:0:0:0:0:0:1
lastlocation:
  world: world
  x: 781.2238987502184
  y: 68.0
  z: -422.5267921109774
  yaw: -132.299
  pitch: 3.472381
logoutlocation:
  world: world
  x: 780.3512529396091
  y: 54.875
  z: -480.8290717266935
  yaw: -253.55884
  pitch: 20.710873
afk: false
nickname: Giniguy
money: '19930.0'
