lastAccountName: Giniguy
timestamps:
  login: 1567943730742
  logout: 1567944632832
  lastteleport: 1567932023204
ipAddress: 0:0:0:0:0:0:0:1
lastlocation:
  world: world
  x: 781.2571899481159
  y: 65.0
  z: -93.90953579099542
  yaw: -237.6665
  pitch: -9.381766
logoutlocation:
  world: world
  x: 819.9873790539051
  y: 66.0
  z: -514.4379834662429
  yaw: -275.80957
  pitch: 5.0398602
afk: false
nickname: Giniguy
