lastAccountName: Giniguy
timestamps:
  login: 1567877444568
  logout: 1567877534011
  lastteleport: 1567871231133
ipAddress: 0:0:0:0:0:0:0:1
lastlocation:
  world: world
  x: 781.1195863247003
  y: 54.0
  z: -478.0982394336001
  yaw: 70.734825
  pitch: 24.510479
logoutlocation:
  world: world
  x: 773.7683810278189
  y: 67.0
  z: -479.08347136693646
  yaw: -62.973022
  pitch: 14.15574
afk: false
nickname: Giniguy
