lastAccountName: Giniguy
timestamps:
  login: 1572178222707
  logout: 1572178655047
  lastteleport: 1570351620039
ipAddress: 0:0:0:0:0:0:0:1
lastlocation:
  world: world
  x: 781.2238987502184
  y: 68.0
  z: -422.5267921109774
  yaw: -132.299
  pitch: 3.472381
logoutlocation:
  world: world
  x: 776.5948247647592
  y: 71.0
  z: -478.2633922599282
  yaw: -272.74487
  pitch: 20.934076
afk: false
nickname: Giniguy
money: '19930.0'
