lastAccountName: Giniguy
timestamps:
  login: 1570206378995
  logout: 1570210460897
  lastteleport: 1570209364019
ipAddress: 0:0:0:0:0:0:0:1
lastlocation:
  world: world
  x: 787.5848188700269
  y: 54.875
  z: -471.3686944427957
  yaw: -226.33398
  pitch: 2.907055
logoutlocation:
  world: world
  x: 779.8935192485696
  y: 54.875
  z: -474.95580515941225
  yaw: -78.927734
  pitch: 10.07692
afk: false
nickname: Giniguy
money: '19174.0'
