lastAccountName: Giniguy
timestamps:
  login: 1566224258678
  logout: 1566225649097
  lastteleport: 1566224936152
ipAddress: 0:0:0:0:0:0:0:1
lastlocation:
  world: world
  x: 604.6999999880791
  y: 65.0
  z: -905.6999999880791
  yaw: 221.45264
  pitch: 1.788568
logoutlocation:
  world: world
  x: 606.2776334223082
  y: 67.0
  z: -908.7673206273803
  yaw: -245.22852
  pitch: 9.404736
afk: false
