lastAccountName: Giniguy
timestamps:
  login: 1567259437814
  logout: 1567261242203
  lastteleport: 1567004009096
ipAddress: 0:0:0:0:0:0:0:1
lastlocation:
  world: world
  x: 776.1637126892992
  y: 54.0
  z: -483.64845507099574
  yaw: -275.03094
  pitch: 51.71741
logoutlocation:
  world: world
  x: 755.9540151822251
  y: 54.0
  z: -475.4343002448294
  yaw: -279.59293
  pitch: 37.50111
afk: false
nickname: Giniguy
