lastAccountName: Giniguy
timestamps:
  login: 1567609281822
  logout: 1567612208147
  lastteleport: 1567604048030
ipAddress: 0:0:0:0:0:0:0:1
lastlocation:
  world: world
  x: 765.5366057519767
  y: 54.0
  z: -463.5514531768939
  yaw: -219.04199
  pitch: 3.2425141
logoutlocation:
  world: world
  x: 773.593229671855
  y: 66.0
  z: -477.7616721832413
  yaw: -69.944824
  pitch: 4.9278026
afk: false
nickname: Giniguy
