lastAccountName: Giniguy
timestamps:
  login: 1565973395900
  logout: 1565975435138
  lastteleport: 1565974682359
ipAddress: 0:0:0:0:0:0:0:1
lastlocation:
  world: world
  x: 776.7477793008723
  y: 55.0
  z: -507.53536246149
  yaw: -280.95215
  pitch: -22.48962
logoutlocation:
  world: world
  x: 764.8150272065745
  y: 52.0
  z: -498.64568124169745
  yaw: -94.40161
  pitch: 18.919964
afk: false
