lastAccountName: Giniguy
timestamps:
  login: 1569509187567
  logout: 1569512324157
  lastteleport: 1569424161002
ipAddress: 0:0:0:0:0:0:0:1
lastlocation:
  world: world
  x: 774.446398056933
  y: 64.9375
  z: -462.0539724549013
  yaw: -320.04272
  pitch: 15.350042
logoutlocation:
  world: world
  x: 771.6999999880791
  y: 56.0
  z: -494.2076837485771
  yaw: -235.4096
  pitch: 35.816727
afk: false
nickname: Giniguy
money: '100.0'
