lastAccountName: Giniguy
timestamps:
  login: 1567334227164
  logout: 1567348269252
  lastteleport: 1567347403091
ipAddress: 0:0:0:0:0:0:0:1
lastlocation:
  world: world
  x: -656.287596723869
  y: 74.0
  z: -492.6946204537674
  yaw: -120.417114
  pitch: 11.682113
logoutlocation:
  world: world
  x: -935.2618457622498
  y: 73.53584062504456
  z: -943.8939848414656
  yaw: -149.76544
  pitch: -0.4498501
afk: false
nickname: Giniguy
