lastAccountName: Giniguy
timestamps:
  login: 1566310460411
  logout: 1566312667314
  lastteleport: 1566229558647
ipAddress: 0:0:0:0:0:0:0:1
lastlocation:
  world: world
  x: 754.3000000119209
  y: 54.5625
  z: -463.5668448359663
  yaw: -60.498047
  pitch: 39.062786
logoutlocation:
  world: world
  x: 936.6204989056301
  y: 6.0
  z: -479.46744848377335
  yaw: -90.2016
  pitch: -36.826294
afk: false
