lastAccountName: Giniguy
timestamps:
  login: 1569768249975
  logout: 1569769727489
  lastteleport: 1569764709648
ipAddress: 0:0:0:0:0:0:0:1
lastlocation:
  world: world
  x: 758.0191963610599
  y: 54.0
  z: -460.626516543383
  yaw: -239.4352
  pitch: 1.7873007
logoutlocation:
  world: world
  x: 770.6999999880791
  y: 66.0
  z: -476.6649963815326
  yaw: -234.1416
  pitch: 36.154816
afk: false
nickname: Giniguy
money: '12694.0'
