lastAccountName: Giniguy
timestamps:
  login: 1569033412918
  logout: 1569034255258
  lastteleport: 1568904896098
ipAddress: 0:0:0:0:0:0:0:1
lastlocation:
  world: world
  x: 811.6818064632577
  y: 78.0
  z: -276.27394599381944
  yaw: -285.8557
  pitch: 14.080253
logoutlocation:
  world: world
  x: 759.9232826262545
  y: 40.0
  z: -480.30000001192093
  yaw: 324.6078
  pitch: 22.048578
afk: false
nickname: Giniguy
money: '100.0'
