lastAccountName: Giniguy
timestamps:
  login: 1569759745629
  logout: 1569765668179
  lastteleport: 1569764709648
ipAddress: 0:0:0:0:0:0:0:1
lastlocation:
  world: world
  x: 758.0191963610599
  y: 54.0
  z: -460.626516543383
  yaw: -239.4352
  pitch: 1.7873007
logoutlocation:
  world: world
  x: 779.6902786534444
  y: 55.0
  z: -479.03345986475887
  yaw: -332.12134
  pitch: 49.255188
afk: false
nickname: Giniguy
money: '12694.0'
