lastAccountName: Giniguy
timestamps:
  login: 1568731834258
  logout: 1568733009102
  lastteleport: 1568732490769
ipAddress: 0:0:0:0:0:0:0:1
lastlocation:
  world: world
  x: 780.7840649909616
  y: 54.0
  z: -488.82713941979165
  yaw: -263.6892
  pitch: -25.63092
logoutlocation:
  world: world
  x: 773.9000789497966
  y: 66.0
  z: -474.60459257907047
  yaw: -336.15277
  pitch: 13.428704
afk: false
nickname: Giniguy
money: '50.0'
