lastAccountName: Giniguy
timestamps:
  login: 1570357698938
  logout: 1570358637706
  lastteleport: 1570351620039
ipAddress: 0:0:0:0:0:0:0:1
lastlocation:
  world: world
  x: 781.2238987502184
  y: 68.0
  z: -422.5267921109774
  yaw: -132.299
  pitch: 3.472381
logoutlocation:
  world: world
  x: 737.42530045145
  y: 67.0
  z: -487.10562994529715
  yaw: -69.26636
  pitch: 10.29575
afk: false
nickname: Giniguy
money: '19930.0'
