lastAccountName: Giniguy
timestamps:
  login: 1566128446305
  logout: 1566129605498
  lastteleport: 1566129038776
ipAddress: 0:0:0:0:0:0:0:1
lastlocation:
  world: world
  x: 755.9499999880791
  y: 54.125
  z: -469.69999998807907
  yaw: -99.99121
  pitch: 15.896569
logoutlocation:
  world: world
  x: 784.7841690940052
  y: 55.0
  z: -478.37440887614866
  yaw: -182.15573
  pitch: 65.37295
afk: false
