lastAccountName: Giniguy
timestamps:
  login: 1566914151275
  logout: 1566920981090
  lastteleport: 1566830287501
ipAddress: 0:0:0:0:0:0:0:1
lastlocation:
  world: world
  x: 769.8518153377008
  y: 54.0
  z: -486.1240110015967
  yaw: -182.45386
  pitch: 11.419423
logoutlocation:
  world: world
  x: 769.3141513318839
  y: 54.0
  z: -471.1177811530553
  yaw: -38.35266
  pitch: 7.950147
afk: false
nickname: Giniguy
