lastAccountName: Giniguy
timestamps:
  login: 1568031916327
  logout: 1568032994350
  lastteleport: 1568032443896
ipAddress: 0:0:0:0:0:0:0:1
lastlocation:
  world: world
  x: 774.6999999880791
  y: 66.0
  z: -471.7711814281334
  yaw: -345.656
  pitch: 10.1826105
logoutlocation:
  world: world
  x: 769.2336274555321
  y: 66.0
  z: -477.82821212187
  yaw: -48.13504
  pitch: 4.361798
afk: false
nickname: Giniguy
money: '50.0'
