lastAccountName: Giniguy
timestamps:
  login: 1566825807711
  logout: 1566834307015
  lastteleport: 1566830287501
ipAddress: 0:0:0:0:0:0:0:1
lastlocation:
  world: world
  x: 769.8518153377008
  y: 54.0
  z: -486.1240110015967
  yaw: -182.45386
  pitch: 11.419423
logoutlocation:
  world: world
  x: 776.5930460225355
  y: 56.0
  z: -473.3673784897475
  yaw: -78.136475
  pitch: 29.55326
afk: false
nickname: Giniguy
