lastAccountName: Giniguy
timestamps:
  login: 1568467606538
  logout: 1568477193571
  lastteleport: 1568299577798
ipAddress: 0:0:0:0:0:0:0:1
lastlocation:
  world: world
  x: 769.8000556457152
  y: 54.0
  z: -480.66810377821474
  yaw: -331.05347
  pitch: 2.5765111
logoutlocation:
  world: world
  x: 768.299999974668
  y: 66.0000002
  z: -474.700000025332
  yaw: -267.2461
  pitch: 0.0
afk: false
nickname: Giniguy
money: '50.0'
