lastAccountName: Giniguy
timestamps:
  login: 1569333616474
  logout: 1569339378124
  lastteleport: 1569251096998
ipAddress: 0:0:0:0:0:0:0:1
lastlocation:
  world: world
  x: 763.2475596171652
  y: 52.0
  z: -507.67902786476196
  yaw: -269.96045
  pitch: 46.34484
logoutlocation:
  world: world
  x: 786.3655629221986
  y: 55.0
  z: -478.3979553374098
  yaw: -149.06396
  pitch: 35.703953
afk: false
nickname: Giniguy
money: '100.0'
