lastAccountName: Giniguy
timestamps:
  login: 1566729293965
  logout: 1566736831124
  lastteleport: 1566726401102
ipAddress: 0:0:0:0:0:0:0:1
lastlocation:
  world: world
  x: 787.8372113833653
  y: 54.0
  z: -472.57704691110547
  yaw: -288.99658
  pitch: 3.5845032
logoutlocation:
  world: world
  x: 750.9135115173929
  y: 71.0
  z: -318.18380710302836
  yaw: -242.22476
  pitch: -28.99546
afk: false
nickname: Giniguy
