lastAccountName: Giniguy
timestamps:
  login: 1569505207458
  logout: 1569506662919
  lastteleport: 1569424161002
ipAddress: 0:0:0:0:0:0:0:1
lastlocation:
  world: world
  x: 774.446398056933
  y: 64.9375
  z: -462.0539724549013
  yaw: -320.04272
  pitch: 15.350042
logoutlocation:
  world: world
  x: 803.9422861463825
  y: 68.0
  z: -420.8721028355881
  yaw: -138.23047
  pitch: 32.455746
afk: false
nickname: Giniguy
money: '100.0'
