lastAccountName: Giniguy
timestamps:
  login: 1569592654778
  logout: 1569593285640
  lastteleport: 1569424161002
ipAddress: 0:0:0:0:0:0:0:1
lastlocation:
  world: world
  x: 774.446398056933
  y: 64.9375
  z: -462.0539724549013
  yaw: -320.04272
  pitch: 15.350042
logoutlocation:
  world: world
  x: 774.6973390383898
  y: 66.0
  z: -473.71987446211625
  yaw: -43.29785
  pitch: 21.935333
afk: false
nickname: Giniguy
money: '100.0'
