lastAccountName: Giniguy
timestamps:
  login: 1566738711782
  logout: 1566751139631
  lastteleport: 1566748936117
ipAddress: 0:0:0:0:0:0:0:1
lastlocation:
  world: world
  x: 149.30000001192093
  y: 48.0
  z: -2377.4739413473126
  yaw: 184.02438
  pitch: 8.3977375
logoutlocation:
  world: world
  x: 155.99914453206637
  y: 48.0
  z: -2381.0976162658976
  yaw: -168.94922
  pitch: 8.957801
afk: false
nickname: Giniguy
