lastAccountName: Giniguy
timestamps:
  login: 1567349461830
  logout: 1567353613183
  lastteleport: 1567347403091
ipAddress: 0:0:0:0:0:0:0:1
lastlocation:
  world: world
  x: -656.287596723869
  y: 74.0
  z: -492.6946204537674
  yaw: -120.417114
  pitch: 11.682113
logoutlocation:
  world: world
  x: 893.4056396767854
  y: 6.0
  z: -470.5796933029844
  yaw: -352.54172
  pitch: 10.353653
afk: false
nickname: Giniguy
