lastAccountName: Giniguy
timestamps:
  login: 1566139041324
  logout: 1566142616702
  lastteleport: 1566141947238
ipAddress: 0:0:0:0:0:0:0:1
lastlocation:
  world: world
  x: -6.4456741849094765
  y: 69.0
  z: 216.26515229293813
  yaw: -158.47415
  pitch: -13.365913
logoutlocation:
  world: world
  x: 779.6336469449982
  y: 54.0
  z: -472.98385037208567
  yaw: -308.64697
  pitch: -3.9222302
afk: false
