lastAccountName: Giniguy
timestamps:
  login: 1569939872586
  logout: 1569939960517
  lastteleport: 1569764709648
ipAddress: 0:0:0:0:0:0:0:1
lastlocation:
  world: world
  x: 758.0191963610599
  y: 54.0
  z: -460.626516543383
  yaw: -239.4352
  pitch: 1.7873007
logoutlocation:
  world: world
  x: 782.3341853506391
  y: 54.0
  z: -477.9030940710308
  yaw: -206.31033
  pitch: 5.593118
afk: false
nickname: Giniguy
money: '12694.0'
