lastAccountName: Giniguy
timestamps:
  login: 1568443533647
  logout: 1568443583722
  lastteleport: 1568299577798
ipAddress: 0:0:0:0:0:0:0:1
lastlocation:
  world: world
  x: 769.8000556457152
  y: 54.0
  z: -480.66810377821474
  yaw: -331.05347
  pitch: 2.5765111
logoutlocation:
  world: world
  x: 807.8734924911408
  y: 69.02442408821369
  z: -460.09924062914706
  yaw: -170.09782
  pitch: 21.718271
afk: false
nickname: Giniguy
money: '50.0'
