lastAccountName: Giniguy
timestamps:
  login: 1568735858115
  logout: 1568735892063
  lastteleport: 1568732490769
ipAddress: 0:0:0:0:0:0:0:1
lastlocation:
  world: world
  x: 780.7840649909616
  y: 54.0
  z: -488.82713941979165
  yaw: -263.6892
  pitch: -25.63092
logoutlocation:
  world: world
  x: 779.6410663678512
  y: 55.0
  z: -479.3792512627329
  yaw: -18.454102
  pitch: 25.293901
afk: false
nickname: Giniguy
money: '50.0'
