lastAccountName: Giniguy
timestamps:
  login: 1566638425462
  logout: 1566642893898
  lastteleport: 1566617478692
ipAddress: 0:0:0:0:0:0:0:1
lastlocation:
  world: world
  x: 781.0124745598691
  y: 54.0
  z: -483.0132038798992
  yaw: -4.1437683
  pitch: 33.359806
logoutlocation:
  world: world
  x: 768.4785663848369
  y: 54.0
  z: -467.02620121458637
  yaw: -8.659485
  pitch: 20.816412
afk: false
nickname: Belle_Delphine
