lastAccountName: _mys
timestamps:
  login: 1565778114070
  logout: 1565778866718
ipAddress: 0:0:0:0:0:0:0:1
lastlocation:
  world: world
  x: -12.5
  y: 69.0
  z: 210.5
  yaw: 1.1460474
  pitch: 0.0
logoutlocation:
  world: world
  x: -6.867691419115343
  y: 69.0
  z: 216.67892197039038
  yaw: 18.58727
  pitch: 71.70014
