lastAccountName: imonglolo
timestamps:
  login: 1565354621775
  logout: 1565354629077
ipAddress: 0:0:0:0:0:0:0:1
lastlocation:
  world: world
  x: 3.5
  y: 67.0
  z: 212.5
  yaw: 1.09925
  pitch: 0.0
logoutlocation:
  world: world
  x: -6.5
  y: 69.0
  z: 216.5
  yaw: -99.60423
  pitch: 8.573991
