lastAccountName: Elytriem
timestamps:
  login: 1565553455202
  lastteleport: 1564306025147
  logout: 1565553789774
ipAddress: 0:0:0:0:0:0:0:1
lastlocation:
  world: world
  x: 578.1525376722157
  y: 82.0
  z: 97.5299417739812
  yaw: 301.29416
  pitch: -24.42205
logoutlocation:
  world: world
  x: 514.9506224461246
  y: 79.0
  z: 132.63615192536753
  yaw: -180.83391
  pitch: 9.874491
