lastAccountName: Elytriem
timestamps:
  login: 1564075515131
  lastteleport: 1563977715729
  logout: 1564075796886
ipAddress: 0:0:0:0:0:0:0:1
lastlocation:
  world: world
  x: 585.6999999880791
  y: 81.0
  z: 102.53209665181735
  yaw: 322.4993
  pitch: 27.772078
logoutlocation:
  world: world
  x: 580.9475348772753
  y: 79.0
  z: 99.70226298315652
  yaw: 143.11377
  pitch: -63.83744
