lastAccountName: Elytriem
timestamps:
  login: 1564303673784
  lastteleport: 1564306025147
  logout: 1564306263210
ipAddress: 0:0:0:0:0:0:0:1
lastlocation:
  world: world
  x: 578.1525376722157
  y: 82.0
  z: 97.5299417739812
  yaw: 301.29416
  pitch: -24.42205
logoutlocation:
  world: world
  x: 579.7036957948982
  y: 79.0
  z: 98.58495138357178
  yaw: 184.79222
  pitch: 1.2844124
