lastAccountName: Elytriem
timestamps:
  login: 1567958484186
  lastteleport: 1567958545112
  logout: 1567958937791
ipAddress: 0:0:0:0:0:0:0:1
lastlocation:
  world: world
  x: 580.9049631173318
  y: 82.0
  z: 96.69999998807907
  yaw: 103.30643
  pitch: 5.318863
logoutlocation:
  world: world
  x: 576.5530553284502
  y: 82.0
  z: 101.16490961979524
  yaw: 50.18933
  pitch: 40.657654
