lastAccountName: PrimScar
timestamps:
  login: 1565946022452
  logout: 1565947899856
ipAddress: 0:0:0:0:0:0:0:1
lastlocation:
  world: world
  x: -11.5
  y: 68.0
  z: 224.5
  yaw: 3.264513
  pitch: 0.0
logoutlocation:
  world: world
  x: -55.443613416727956
  y: 76.0
  z: 207.69999998807907
  yaw: -181.50104
  pitch: 19.049995
