lastAccountName: lola_lola_69
timestamps:
  login: 1565354526726
  logout: 1565354562822
ipAddress: 0:0:0:0:0:0:0:1
lastlocation:
  world: world
  x: -11.5
  y: 69.0
  z: 217.5
  yaw: 2.106256
  pitch: 0.0
logoutlocation:
  world: world
  x: -5.013964769719109
  y: 69.0
  z: 217.1262690947899
  yaw: 291.29517
  pitch: 21.47398
