lastAccountName: lolo_lola_69
timestamps:
  login: 1566717537877
  logout: 1566721468751
  lastteleport: 1566712820061
ipAddress: 0:0:0:0:0:0:0:1
lastlocation:
  world: world
  x: 744.1972054870429
  y: 72.0625
  z: -64.82619280262094
  yaw: -82.186554
  pitch: 26.84965
logoutlocation:
  world: world
  x: 636.7373886813602
  y: 80.0
  z: -4.650766123528882
  yaw: 166.66386
  pitch: 46.04991
money: '250.55'
nickname: vLadeeVlads
