lastAccountName: lolo_lola_69
timestamps:
  login: 1567232027045
  logout: 1567232260541
  lastteleport: 1567230175319
ipAddress: 0:0:0:0:0:0:0:1
lastlocation:
  world: world
  x: 746.1616793810142
  y: 69.0
  z: -64.45487967200737
  yaw: 190.80615
  pitch: 14.699932
logoutlocation:
  world: world
  x: 737.7037303521339
  y: 69.0
  z: -52.94272875170234
  yaw: 346.6682
  pitch: 43.05007
money: '7902.55'
nickname: aBSOlUte_mADLad
