lastAccountName: lolo_lola_69
timestamps:
  login: 1572102606204
  logout: 1572102785342
  lastteleport: 1569845405420
ipAddress: 0:0:0:0:0:0:0:1
lastlocation:
  world: world
  x: 724.9488939222209
  y: 66.0
  z: -63.84743739826976
  yaw: 103.51365
  pitch: 27.899641
logoutlocation:
  world: world
  x: 713.7697660096981
  y: 68.0
  z: -86.25638552318281
  yaw: 145.3689
  pitch: 27.000238
money: '8241.55'
nickname: aBSOlUte_mADLad
afk: false
