lastAccountName: lolo_lola_69
timestamps:
  login: 1567068374367
  logout: 1567069721453
  lastteleport: 1567055974177
ipAddress: 0:0:0:0:0:0:0:1
lastlocation:
  world: world
  x: 745.0602346909402
  y: 72.0625
  z: -57.138608679562296
  yaw: 82.21401
  pitch: 40.349586
logoutlocation:
  world: world
  x: 741.1235142588706
  y: 70.5
  z: -56.882177009394496
  yaw: 90.76489
  pitch: 40.94975
money: '5346.55'
nickname: aBSOlUte_mADLad
