lastAccountName: lolo_lola_69
timestamps:
  login: 1568123781967
  logout: 1568124500234
  lastteleport: 1568123251161
ipAddress: 0:0:0:0:0:0:0:1
lastlocation:
  world: world
  x: 677.3453894196042
  y: 63.875
  z: 42.231717539408294
  yaw: 75.923584
  pitch: 41.88335
logoutlocation:
  world: world
  x: 744.728264579574
  y: 72.0
  z: -61.808907815000765
  yaw: -174.28633
  pitch: 30.599655
money: '7902.55'
nickname: aBSOlUte_mADLad
afk: false
