lastAccountName: lolo_lola_69
timestamps:
  login: 1570635465920
  logout: 1570635475956
  lastteleport: 1569845405420
ipAddress: 0:0:0:0:0:0:0:1
lastlocation:
  world: world
  x: 724.9488939222209
  y: 66.0
  z: -63.84743739826976
  yaw: 103.51365
  pitch: 27.899641
logoutlocation:
  world: world
  x: 744.2332899632395
  y: 72.0
  z: -57.10856406468344
  yaw: 88.9737
  pitch: 25.949646
money: '8241.55'
nickname: aBSOlUte_mADLad
afk: false
