lastAccountName: lolo_lola_69
timestamps:
  login: 1569076993930
  logout: 1569080189850
  lastteleport: 1569075193216
ipAddress: 0:0:0:0:0:0:0:1
lastlocation:
  world: world
  x: 736.9863165715248
  y: 69.0
  z: -57.702882742885485
  yaw: 79.513565
  pitch: 26.69962
logoutlocation:
  world: world
  x: 746.2318949659657
  y: 72.0
  z: -62.40838607966022
  yaw: 2.2819824
  pitch: 17.849905
money: '7852.55'
nickname: aBSOlUte_mADLad
afk: false
