lastAccountName: lolo_lola_69
timestamps:
  login: 1568468372250
  logout: 1568468740487
  lastteleport: 1568264916763
ipAddress: 0:0:0:0:0:0:0:1
lastlocation:
  world: world
  x: 730.0161329991364
  y: 66.0
  z: -77.0382908497797
  yaw: -125.38745
  pitch: 21.300032
logoutlocation:
  world: world
  x: 713.769210452237
  y: 74.0
  z: -170.0808798022829
  yaw: 10.06189
  pitch: 27.299776
money: '7902.55'
nickname: aBSOlUte_mADLad
afk: false
