lastAccountName: lolo_lola_69
timestamps:
  login: 1566192947983
  logout: 1566192953123
  lastteleport: 1566190627298
ipAddress: 0:0:0:0:0:0:0:1
lastlocation:
  world: world
  x: 715.3000000119209
  y: 66.0
  z: -61.86992812937438
  yaw: 313.36487
  pitch: 3.449573
logoutlocation:
  world: world
  x: 584.6701228328136
  y: 79.0
  z: 109.61232797240127
  yaw: 284.93616
  pitch: -10.950204
money: '250.55'
nickname: vLadeeVlads
