lastAccountName: lolo_lola_69
timestamps:
  login: 1567007173747
  logout: 1567007515563
  lastteleport: 1567005784075
ipAddress: 0:0:0:0:0:0:0:1
lastlocation:
  world: world
  x: 747.2128201648841
  y: 71.0
  z: -269.7678276787738
  yaw: 124.04578
  pitch: 20.250029
logoutlocation:
  world: world
  x: 797.067930641798
  y: 64.0
  z: -496.62707277771466
  yaw: 190.96472
  pitch: 82.499985
money: '5346.55'
nickname: aBSOlUte_mADLad
