lastAccountName: lolo_lola_69
timestamps:
  login: 1568339130274
  logout: 1568341615825
  lastteleport: 1568264916763
ipAddress: 0:0:0:0:0:0:0:1
lastlocation:
  world: world
  x: 730.0161329991364
  y: 66.0
  z: -77.0382908497797
  yaw: -125.38745
  pitch: 21.300032
logoutlocation:
  world: world
  x: 746.4262067954005
  y: 75.0
  z: -63.18093287264861
  yaw: 157.36053
  pitch: 19.799496
money: '7902.55'
nickname: aBSOlUte_mADLad
afk: false
