lastAccountName: lolo_lola_69
timestamps:
  login: 1567315823026
  logout: 1567318469970
  lastteleport: 1567267169191
ipAddress: 0:0:0:0:0:0:0:1
lastlocation:
  world: world
  x: 745.4582300750371
  y: 72.0625
  z: -61.961893927921906
  yaw: 31.06372
  pitch: 5.999716
logoutlocation:
  world: world
  x: 744.6942006839664
  y: 72.0625
  z: -59.72558326417862
  yaw: 50.413513
  pitch: 42.749702
money: '7902.55'
nickname: aBSOlUte_mADLad
