lastAccountName: lolo_lola_69
timestamps:
  login: 1566656916938
  logout: 1566660613740
  lastteleport: 1566660236873
ipAddress: 0:0:0:0:0:0:0:1
lastlocation:
  world: world
  x: 681.5727540756808
  y: 67.0
  z: 10.646910439895713
  yaw: 209.2638
  pitch: 19.049803
logoutlocation:
  world: world
  x: 504.8389316862624
  y: 66.0
  z: 170.8460529835009
  yaw: 146.40796
  pitch: 22.500145
money: '250.55'
nickname: vLadeeVlads
