lastAccountName: lolo_lola_69
timestamps:
  login: 1568599141227
  logout: 1568599334710
  lastteleport: 1568568693162
ipAddress: 0:0:0:0:0:0:0:1
lastlocation:
  world: world
  x: 734.5905044079527
  y: 68.0
  z: -61.38646486143631
  yaw: -26.236755
  pitch: 23.099642
logoutlocation:
  world: world_the_end
  x: -3823.1053501584133
  y: 58.0
  z: -1275.4943794341934
  yaw: 206.6892
  pitch: 37.200584
money: '7902.55'
nickname: aBSOlUte_mADLad
afk: false
