lastAccountName: lolo_lola_69
timestamps:
  login: 1569236173397
  logout: 1569236189042
  lastteleport: 1569144880426
ipAddress: 0:0:0:0:0:0:0:1
lastlocation:
  world: world
  x: 548.7138953093537
  y: 63.0
  z: 405.80118532759076
  yaw: 104.50185
  pitch: 16.446949
logoutlocation:
  world: world
  x: 747.1583916327226
  y: 75.0
  z: -58.855609394023155
  yaw: 254.56256
  pitch: 38.54969
money: '6978.55'
nickname: aBSOlUte_mADLad
afk: false
