lastAccountName: lolo_lola_69
timestamps:
  login: 1571657279766
  logout: 1571657536116
  lastteleport: 1569845405420
ipAddress: 0:0:0:0:0:0:0:1
lastlocation:
  world: world
  x: 724.9488939222209
  y: 66.0
  z: -63.84743739826976
  yaw: 103.51365
  pitch: 27.899641
logoutlocation:
  world: world
  x: 744.9321175856206
  y: 72.0
  z: -58.15949246994701
  yaw: 207.9195
  pitch: 24.600006
money: '8241.55'
nickname: aBSOlUte_mADLad
afk: false
