lastAccountName: lolo_lola_69
timestamps:
  login: 1567929973836
  logout: 1567933046872
  lastteleport: 1567932424403
ipAddress: 0:0:0:0:0:0:0:1
lastlocation:
  world: world
  x: 704.9932278296012
  y: 64.0
  z: -113.24221016300467
  yaw: 184.06543
  pitch: 6.1497235
logoutlocation:
  world: world
  x: 739.2068576903387
  y: 69.0
  z: -56.776095749594504
  yaw: 121.663605
  pitch: 24.899645
money: '7902.55'
nickname: aBSOlUte_mADLad
afk: false
