lastAccountName: lolo_lola_69
timestamps:
  login: 1568644823154
  logout: 1568645873781
  lastteleport: 1568614522784
ipAddress: 0:0:0:0:0:0:0:1
lastlocation:
  world: world
  x: 780.6792958197123
  y: 54.0
  z: -486.8549110771439
  yaw: 33.175903
  pitch: 22.051184
logoutlocation:
  world: world
  x: 763.4298918457627
  y: 54.0
  z: -461.51370235629844
  yaw: 239.42589
  pitch: 22.351147
money: '7902.55'
nickname: aBSOlUte_mADLad
afk: false
