lastAccountName: lolo_lola_69
timestamps:
  login: 1569420690245
  logout: 1569420714915
  lastteleport: 1569392183833
ipAddress: 0:0:0:0:0:0:0:1
lastlocation:
  world: world
  x: 757.6377684900835
  y: 54.0
  z: -487.8643200960752
  yaw: -41.224285
  pitch: 16.951147
logoutlocation:
  world: world
  x: 745.619568433917
  y: 72.0
  z: -61.44164148773092
  yaw: 11.413574
  pitch: 18.749811
money: '6978.55'
nickname: aBSOlUte_mADLad
afk: false
