lastAccountName: lolo_lola_69
timestamps:
  login: 1569334110265
  logout: 1569334378068
  lastteleport: 1569144880426
ipAddress: 0:0:0:0:0:0:0:1
lastlocation:
  world: world
  x: 548.7138953093537
  y: 63.0
  z: 405.80118532759076
  yaw: 104.50185
  pitch: 16.446949
logoutlocation:
  world: world
  x: 738.6999999880791
  y: 65.0
  z: -65.60033227366084
  yaw: 279.33032
  pitch: 16.950144
money: '6978.55'
nickname: aBSOlUte_mADLad
afk: false
