lastAccountName: lolo_lola_69
timestamps:
  login: 1566909178540
  logout: 1566910040359
  lastteleport: 1566909726349
ipAddress: 0:0:0:0:0:0:0:1
lastlocation:
  world: world
  x: 743.4615610848082
  y: 72.0625
  z: -56.72769982729922
  yaw: 94.066895
  pitch: 37.649506
logoutlocation:
  world: world
  x: 738.584624647107
  y: 62.0
  z: -69.82860589379487
  yaw: -151.18617
  pitch: 30.599667
money: '7081.55'
nickname: aBSOlUte_mADLad
