lastAccountName: lolo_lola_69
timestamps:
  login: 1566748963195
  logout: 1566749031726
  lastteleport: 1566749020918
ipAddress: 0:0:0:0:0:0:0:1
lastlocation:
  world: world
  x: 712.9194987132771
  y: 68.0
  z: -81.18399367718592
  yaw: 142.66412
  pitch: 14.5497055
logoutlocation:
  world: world
  x: 165.20579893321468
  y: 52.0
  z: -2385.300000011921
  yaw: -197.34784
  pitch: 20.764708
money: '250.55'
nickname: vLadeeVlads
