lastAccountName: lolo_lola_69
timestamps:
  login: 1568729637645
  logout: 1568733009009
  lastteleport: 1568732363683
ipAddress: 0:0:0:0:0:0:0:1
lastlocation:
  world: world
  x: 733.3422460764377
  y: 68.0
  z: -58.19982773300556
  yaw: 122.11548
  pitch: 14.099576
logoutlocation:
  world: world
  x: 745.2286312255485
  y: 72.0
  z: -56.233725363965746
  yaw: 257.41278
  pitch: 39.149727
money: '7902.55'
nickname: aBSOlUte_mADLad
afk: false
