lastAccountName: lolo_lola_69
timestamps:
  login: 1569391190878
  logout: 1569394067845
  lastteleport: 1569392183833
ipAddress: 0:0:0:0:0:0:0:1
lastlocation:
  world: world
  x: 757.6377684900835
  y: 54.0
  z: -487.8643200960752
  yaw: -41.224285
  pitch: 16.951147
logoutlocation:
  world: world
  x: 745.3073220122988
  y: 72.0
  z: -58.24777434027529
  yaw: 310.66364
  pitch: 23.699842
money: '6978.55'
nickname: aBSOlUte_mADLad
afk: false
