lastAccountName: lolo_lola_69
timestamps:
  login: 1567755317903
  logout: 1567756889098
  lastteleport: 1567689462157
ipAddress: 0:0:0:0:0:0:0:1
lastlocation:
  world: world
  x: -6.4456741849094765
  y: 69.0
  z: 216.26515229293813
  yaw: -179.8543
  pitch: 1.0739887
logoutlocation:
  world: world
  x: 747.4519130853175
  y: 75.0
  z: -59.5638439693279
  yaw: 5.4141846
  pitch: 4.499581
money: '7902.55'
nickname: aBSOlUte_mADLad
afk: false
