lastAccountName: lolo_lola_69
timestamps:
  login: 1567140837986
  logout: 1567145292773
  lastteleport: 1567055974177
ipAddress: 0:0:0:0:0:0:0:1
lastlocation:
  world: world
  x: 745.0602346909402
  y: 72.0625
  z: -57.138608679562296
  yaw: 82.21401
  pitch: 40.349586
logoutlocation:
  world: world
  x: 632.1634092475066
  y: 65.0
  z: -17.342975284442208
  yaw: 9.771973
  pitch: 13.799687
money: '5346.55'
nickname: aBSOlUte_mADLad
