lastAccountName: lolo_lola_69
timestamps:
  login: 1568888824067
  logout: 1568891638549
  lastteleport: 1568816879846
ipAddress: 0:0:0:0:0:0:0:1
lastlocation:
  world: world
  x: 743.3182663537335
  y: 72.0
  z: -64.8933603556379
  yaw: -64.18628
  pitch: 24.59968
logoutlocation:
  world: world
  x: 744.5
  y: 67.7125
  z: -57.50999999046326
  yaw: -100.93467
  pitch: 31.95009
money: '7852.55'
nickname: aBSOlUte_mADLad
afk: false
