lastAccountName: lolo_lola_69
timestamps:
  login: 1568302853183
  logout: 1568303806754
  lastteleport: 1568264916763
ipAddress: 0:0:0:0:0:0:0:1
lastlocation:
  world: world
  x: 730.0161329991364
  y: 66.0
  z: -77.0382908497797
  yaw: -125.38745
  pitch: 21.300032
logoutlocation:
  world: world
  x: 745.8612634272043
  y: 72.0
  z: -59.43146010712785
  yaw: 157.36053
  pitch: 19.799496
money: '7902.55'
nickname: aBSOlUte_mADLad
afk: false
