lastAccountName: lolo_lola_69
timestamps:
  login: 1566921599447
  logout: 1566921831288
  lastteleport: 1566921413327
ipAddress: 0:0:0:0:0:0:0:1
lastlocation:
  world: world
  x: 744.2899860010557
  y: 72.0625
  z: -64.77092111279558
  yaw: 147.61319
  pitch: 35.549828
logoutlocation:
  world: world
  x: 745.329290679913
  y: 72.0625
  z: -64.11363645108835
  yaw: 350.86377
  pitch: 50.399647
money: '1089.55'
nickname: aBSOlUte_mADLad
