lastAccountName: lolo_lola_69
timestamps:
  login: 1569126093962
  logout: 1569126847445
  lastteleport: 1569123338731
ipAddress: 0:0:0:0:0:0:0:1
lastlocation:
  world: world
  x: 746.1446522152618
  y: 72.0
  z: -56.338799380870206
  yaw: 118.97632
  pitch: 51.150093
logoutlocation:
  world: world
  x: 743.1585789582974
  y: 69.0
  z: -48.26146891736349
  yaw: 328.3711
  pitch: 36.30015
money: '7978.55'
nickname: aBSOlUte_mADLad
afk: false
