lastAccountName: lolo_lola_69
timestamps:
  login: 1569546436589
  logout: 1569549967558
  lastteleport: 1569505488540
ipAddress: 0:0:0:0:0:0:0:1
lastlocation:
  world: world
  x: 745.113075012791
  y: 72.0
  z: -59.5810480417211
  yaw: 25.39179
  pitch: 20.699972
logoutlocation:
  world: world
  x: 720.8906202737741
  y: 52.0
  z: 25.762754182532184
  yaw: 183.35712
  pitch: 16.949997
money: '6978.55'
nickname: aBSOlUte_mADLad
afk: false
