lastAccountName: lolo_lola_69
timestamps:
  login: 1568039847680
  logout: 1568040148113
  lastteleport: 1567955296062
ipAddress: 0:0:0:0:0:0:0:1
lastlocation:
  world: world
  x: 629.9499885292878
  y: 64.0
  z: 18.472459444519
  yaw: 13.963731
  pitch: 74.39965
logoutlocation:
  world: world
  x: 744.2162381598914
  y: 72.0
  z: -56.90690058678058
  yaw: 76.6676
  pitch: 33.749725
money: '7902.55'
nickname: aBSOlUte_mADLad
afk: false
