lastAccountName: lolo_lola_69
timestamps:
  login: 1567145614688
  logout: 1567146490714
  lastteleport: 1567055974177
ipAddress: 0:0:0:0:0:0:0:1
lastlocation:
  world: world
  x: 745.0602346909402
  y: 72.0625
  z: -57.138608679562296
  yaw: 82.21401
  pitch: 40.349586
logoutlocation:
  world: world
  x: 745.3771438381416
  y: 72.0625
  z: -58.32522423704405
  yaw: -51.58628
  pitch: 32.999664
money: '5346.55'
nickname: aBSOlUte_mADLad
