lastAccountName: lolo_lola_69
timestamps:
  login: 1564985350419
  logout: 1564986624273
  lastteleport: 1564926325566
ipAddress: 0:0:0:0:0:0:0:1
lastlocation:
  world: world
  x: 747.4875000119209
  y: 71.5
  z: -63.15650693845118
  yaw: 16.95755
  pitch: 22.34998
logoutlocation:
  world: world
  x: 744.728264579574
  y: 72.0625
  z: -61.808907815000765
  yaw: -174.88634
  pitch: 30.599655
money: '250.55'
