lastAccountName: lolo_lola_69
timestamps:
  login: 1567348467793
  logout: 1567354380522
  lastteleport: 1567348181541
ipAddress: 0:0:0:0:0:0:0:1
lastlocation:
  world: world
  x: 745.8088816003794
  y: 72.0625
  z: -57.19410886204622
  yaw: 88.38574
  pitch: 6.899946
logoutlocation:
  world: world
  x: 746.299999974668
  y: 75.0625002
  z: -65.70000002533197
  yaw: 184.3654
  pitch: 3.9000006
money: '7902.55'
nickname: aBSOlUte_mADLad
