lastAccountName: lolo_lola_69
timestamps:
  login: 1568202648423
  logout: 1568202739446
  lastteleport: 1568179353449
ipAddress: 0:0:0:0:0:0:0:1
lastlocation:
  world: world
  x: 716.4531510210259
  y: 68.0
  z: -77.31460754345582
  yaw: 154.06367
  pitch: 14.849687
logoutlocation:
  world: world
  x: 776.6805012799111
  y: 74.0
  z: -53.223966002308366
  yaw: 99.23718
  pitch: 41.10011
money: '7902.55'
nickname: aBSOlUte_mADLad
afk: false
