lastAccountName: lolo_lola_69
timestamps:
  login: 1566131852634
  logout: 1566138552631
  lastteleport: 1566134955399
ipAddress: 0:0:0:0:0:0:0:1
lastlocation:
  world: world
  x: -4.535614311578639
  y: 69.0
  z: 207.56178229526637
  yaw: -116.85429
  pitch: 0.47398847
logoutlocation:
  world: world
  x: 600.598370670547
  y: 117.0
  z: -12.038585224041057
  yaw: 66.00171
  pitch: -9.750007
money: '250.55'
nickname: vLadeeVlads
