lastAccountName: lolo_lola_69
timestamps:
  login: 1566571990324
  logout: 1566572031737
  lastteleport: 1566214465202
ipAddress: 0:0:0:0:0:0:0:1
lastlocation:
  world: world
  x: 744.8899504349894
  y: 72.0625
  z: -64.54357354564101
  yaw: -197.83635
  pitch: 31.499655
logoutlocation:
  world: world
  x: 723.8038826677869
  y: 76.73423560066871
  z: -190.21312999947355
  yaw: 73.552704
  pitch: 39.150177
money: '250.55'
nickname: vLadeeVlads
