lastAccountName: lolo_lola_69
timestamps:
  login: 1569586773488
  logout: 1569587603680
  lastteleport: 1569551585598
ipAddress: 0:0:0:0:0:0:0:1
lastlocation:
  world: world
  x: 761.3573414246689
  y: 69.0
  z: -38.415789589451784
  yaw: 270.20502
  pitch: 12.449978
logoutlocation:
  world: world
  x: 730.0625653061744
  y: 68.0
  z: -67.89560017797831
  yaw: 133.97412
  pitch: 41.250053
money: '8241.55'
nickname: aBSOlUte_mADLad
afk: false
