lastAccountName: lolo_lola_69
timestamps:
  login: 1572681251448
  logout: 1572681463319
  lastteleport: 1569845405420
ipAddress: 0:0:0:0:0:0:0:1
lastlocation:
  world: world
  x: 724.9488939222209
  y: 66.0
  z: -63.84743739826976
  yaw: 103.51365
  pitch: 27.899641
logoutlocation:
  world: world
  x: 698.6162496361211
  y: 58.0
  z: 90.90689503792275
  yaw: 86.11511
  pitch: 84.75011
money: '8241.55'
nickname: aBSOlUte_mADLad
afk: false
