lastAccountName: lolo_lola_69
timestamps:
  login: 1564408322219
  logout: 1564403908332
  lastteleport: 1564409927716
ipAddress: 0:0:0:0:0:0:0:1
lastlocation:
  world: world
  x: 723.7440418893176
  y: 63.0
  z: 11.952342024205565
  yaw: -300.34964
  pitch: 25.34214
logoutlocation:
  world: world
  x: 745.7281326609276
  y: 72.0
  z: -60.535956596255105
  yaw: 13.351166
  pitch: 26.517298
money: '250.55'
