lastAccountName: lolo_lola_69
timestamps:
  login: 1572175504931
  logout: 1572176388589
  lastteleport: 1569845405420
ipAddress: 0:0:0:0:0:0:0:1
lastlocation:
  world: world
  x: 724.9488939222209
  y: 66.0
  z: -63.84743739826976
  yaw: 103.51365
  pitch: 27.899641
logoutlocation:
  world: world
  x: 745.1149031905373
  y: 75.0
  z: -65.13621423966751
  yaw: 69.6137
  pitch: 20.399662
money: '8241.55'
nickname: aBSOlUte_mADLad
afk: false
