lastAccountName: lolo_lola_69
timestamps:
  login: 1569476725923
  logout: 1569477739448
  lastteleport: 1569392183833
ipAddress: 0:0:0:0:0:0:0:1
lastlocation:
  world: world
  x: 757.6377684900835
  y: 54.0
  z: -487.8643200960752
  yaw: -41.224285
  pitch: 16.951147
logoutlocation:
  world: world
  x: 796.7666913826152
  y: 71.0
  z: -269.79417155847864
  yaw: 92.71164
  pitch: 24.2996
money: '6978.55'
nickname: aBSOlUte_mADLad
afk: false
