lastAccountName: lolo_lola_69
timestamps:
  login: 1569140241495
  logout: 1569141281487
  lastteleport: 1569137621666
ipAddress: 0:0:0:0:0:0:0:1
lastlocation:
  world: world
  x: 745.918270470813
  y: 72.0
  z: -58.06851467790591
  yaw: 2.4137537
  pitch: 20.099615
logoutlocation:
  world: world
  x: 159.74733328878725
  y: 200.0
  z: -3673.844774909681
  yaw: -348.5924
  pitch: 38.100056
money: '6978.55'
nickname: aBSOlUte_mADLad
afk: false
