lastAccountName: lolo_lola_69
timestamps:
  login: 1571107081141
  logout: 1571107193850
  lastteleport: 1569845405420
ipAddress: 0:0:0:0:0:0:0:1
lastlocation:
  world: world
  x: 724.9488939222209
  y: 66.0
  z: -63.84743739826976
  yaw: 103.51365
  pitch: 27.899641
logoutlocation:
  world: world
  x: 745.1763657925634
  y: 72.0
  z: -58.79703747834293
  yaw: 201.62292
  pitch: 25.7997
money: '8241.55'
nickname: aBSOlUte_mADLad
afk: false
