lastAccountName: lolo_lola_69
timestamps:
  login: 1568733165279
  logout: 1568734051142
  lastteleport: 1568732363683
ipAddress: 0:0:0:0:0:0:0:1
lastlocation:
  world: world
  x: 733.3422460764377
  y: 68.0
  z: -58.19982773300556
  yaw: 122.11548
  pitch: 14.099576
logoutlocation:
  world: world
  x: 746.3858551625052
  y: 75.0
  z: -59.21814807169406
  yaw: 181.96387
  pitch: 45.449993
money: '7902.55'
nickname: aBSOlUte_mADLad
afk: false
