lastAccountName: lolo_lola_69
timestamps:
  login: 1566831558281
  logout: 1566834107323
  lastteleport: 1566834008702
ipAddress: 0:0:0:0:0:0:0:1
lastlocation:
  world: world
  x: 699.2966549442638
  y: 66.0
  z: -80.18110883049178
  yaw: 228.3103
  pitch: 23.24957
logoutlocation:
  world: world
  x: 745.3892893420325
  y: 75.0625
  z: -59.850336534763215
  yaw: 8.71377
  pitch: 31.19968
money: '4912.55'
nickname: aBSOlUte_mADLad
