lastAccountName: lolo_lola_69
timestamps:
  login: 1568686883987
  logout: 1568686910652
  lastteleport: 1568647820347
ipAddress: 0:0:0:0:0:0:0:1
lastlocation:
  world: world
  x: 744.9318927701635
  y: 72.0
  z: -63.37788165124257
  yaw: -3.8865356
  pitch: 48.149704
logoutlocation:
  world: world_the_end
  x: 12911.967632899677
  y: 113.0
  z: -7543.370657872544
  yaw: 153.3136
  pitch: 22.950075
money: '7902.55'
nickname: aBSOlUte_mADLad
afk: false
