lastAccountName: lolo_lola_69
timestamps:
  login: 1567039330466
  logout: 1567041231337
  lastteleport: 1567005784075
ipAddress: 0:0:0:0:0:0:0:1
lastlocation:
  world: world
  x: 747.2128201648841
  y: 71.0
  z: -269.7678276787738
  yaw: 124.04578
  pitch: 20.250029
logoutlocation:
  world: world
  x: 745.5720437547499
  y: 72.0625
  z: -58.12851280025106
  yaw: 51.46396
  pitch: 30.449604
money: '5346.55'
nickname: aBSOlUte_mADLad
