lastAccountName: lolo_lola_69
timestamps:
  login: 1569509511731
  logout: 1569510292512
  lastteleport: 1569505488540
ipAddress: 0:0:0:0:0:0:0:1
lastlocation:
  world: world
  x: 745.113075012791
  y: 72.0
  z: -59.5810480417211
  yaw: 25.39179
  pitch: 20.699972
logoutlocation:
  world: world
  x: 710.4780424404585
  y: 44.0
  z: 9.719058764080051
  yaw: 106.810394
  pitch: -25.799965
money: '6978.55'
nickname: aBSOlUte_mADLad
afk: false
