lastAccountName: lolo_lola_69
timestamps:
  login: 1568875061772
  logout: 1568876925819
  lastteleport: 1568816879846
ipAddress: 0:0:0:0:0:0:0:1
lastlocation:
  world: world
  x: 743.3182663537335
  y: 72.0
  z: -64.8933603556379
  yaw: -64.18628
  pitch: 24.59968
logoutlocation:
  world: world
  x: 745.4211297288796
  y: 72.0
  z: -64.69930566959457
  yaw: 320.92285
  pitch: 42.150055
money: '7852.55'
nickname: aBSOlUte_mADLad
afk: false
