lastAccountName: lolo_lola_69
timestamps:
  login: 1566997162270
  logout: 1566997268120
  lastteleport: 1566921413327
ipAddress: 0:0:0:0:0:0:0:1
lastlocation:
  world: world
  x: 744.2899860010557
  y: 72.0625
  z: -64.77092111279558
  yaw: 147.61319
  pitch: 35.549828
logoutlocation:
  world: world
  x: 731.1828515906042
  y: 68.0
  z: -58.524948891101445
  yaw: 297.16327
  pitch: 7.9495654
money: '1089.55'
nickname: aBSOlUte_mADLad
