lastAccountName: lolo_lola_69
timestamps:
  login: 1567650587450
  logout: 1567651562135
  lastteleport: 1567611757279
ipAddress: 0:0:0:0:0:0:0:1
lastlocation:
  world: world
  x: 676.7311057694335
  y: 66.0
  z: -48.98158958976711
  yaw: 252.31677
  pitch: 41.399563
logoutlocation:
  world: world
  x: 743.2661020270385
  y: 72.0625
  z: -57.03580943426452
  yaw: 269.10742
  pitch: 9.599871
money: '7902.55'
nickname: aBSOlUte_mADLad
afk: false
