lastAccountName: lolo_lola_69
timestamps:
  login: 1566399093134
  logout: 1566399206278
  lastteleport: 1566214465202
ipAddress: 0:0:0:0:0:0:0:1
lastlocation:
  world: world
  x: 744.8899504349894
  y: 72.0625
  z: -64.54357354564101
  yaw: -197.83635
  pitch: 31.499655
logoutlocation:
  world: world
  x: 711.7915568527742
  y: 67.0
  z: -75.73196493867417
  yaw: 143.74713
  pitch: 44.700005
money: '250.55'
nickname: vLadeeVlads
