lastAccountName: lolo_lola_69
timestamps:
  login: 1567565308124
  logout: 1567566320068
  lastteleport: 1567523450553
ipAddress: 0:0:0:0:0:0:0:1
lastlocation:
  world: world
  x: 816.5389122555863
  y: 60.00133597911215
  z: -70.17340865832672
  yaw: 233.10425
  pitch: 17.70012
logoutlocation:
  world: world
  x: 745.2480103770489
  y: 72.0625
  z: -60.21706384265783
  yaw: -149.69052
  pitch: 25.199783
money: '7902.55'
nickname: aBSOlUte_mADLad
afk: false
