lastAccountName: lolo_lola_69
timestamps:
  login: 1569578787920
  logout: 1569578797905
  lastteleport: 1569551585598
ipAddress: 0:0:0:0:0:0:0:1
lastlocation:
  world: world
  x: 761.3573414246689
  y: 69.0
  z: -38.415789589451784
  yaw: 270.20502
  pitch: 12.449978
logoutlocation:
  world: world
  x: 742.1903822417679
  y: 72.0
  z: -64.90280710901399
  yaw: 236.41634
  pitch: 71.699684
money: '8241.55'
nickname: aBSOlUte_mADLad
afk: false
