lastAccountName: lolo_lola_69
timestamps:
  login: 1566138649083
  logout: 1566142669697
  lastteleport: 1566139157687
ipAddress: 0:0:0:0:0:0:0:1
lastlocation:
  world: world
  x: 468.3536941514057
  y: 63.0
  z: 315.77568326679915
  yaw: 198.49182
  pitch: 18.417168
logoutlocation:
  world: world
  x: 719.6402959982515
  y: 76.0
  z: -179.53508559242727
  yaw: 253.06317
  pitch: 10.799599
money: '250.55'
nickname: vLadeeVlads
