lastAccountName: lolo_lola_69
timestamps:
  login: 1567262664616
  logout: 1567270118654
  lastteleport: 1567267169191
ipAddress: 0:0:0:0:0:0:0:1
lastlocation:
  world: world
  x: 745.4582300750371
  y: 72.0625
  z: -61.961893927921906
  yaw: 31.06372
  pitch: 5.999716
logoutlocation:
  world: world
  x: 744.728264579574
  y: 72.0625
  z: -61.808907815000765
  yaw: -145.18634
  pitch: 38.399666
money: '7902.55'
nickname: aBSOlUte_mADLad
