lastAccountName: lolo_lola_69
timestamps:
  login: 1566823982270
  logout: 1566824483912
  lastteleport: 1566749020918
ipAddress: 0:0:0:0:0:0:0:1
lastlocation:
  world: world
  x: 712.9194987132771
  y: 68.0
  z: -81.18399367718592
  yaw: 142.66412
  pitch: 14.5497055
logoutlocation:
  world: world
  x: 642.4103092340952
  y: 66.0
  z: -3.5798695195974455
  yaw: 64.51357
  pitch: 11.849607
money: '250.55'
nickname: vLadeeVlads
