lastAccountName: lolo_lola_69
timestamps:
  login: 1566061144813
  logout: 1566062308502
  lastteleport: 1565958534691
ipAddress: 0:0:0:0:0:0:0:1
lastlocation:
  world: world
  x: 637.496615587537
  y: 65.0
  z: 9.852929060748023
  yaw: 212.56415
  pitch: 12.449794
logoutlocation:
  world: world
  x: 745.5177723505018
  y: 72.0625
  z: -61.91170203974935
  yaw: 63.914154
  pitch: 23.099674
money: '250.55'
