lastAccountName: lolo_lola_69
timestamps:
  login: 1567826944463
  logout: 1567827528718
  lastteleport: 1567689462157
ipAddress: 0:0:0:0:0:0:0:1
lastlocation:
  world: world
  x: -6.4456741849094765
  y: 69.0
  z: 216.26515229293813
  yaw: -179.8543
  pitch: 1.0739887
logoutlocation:
  world: world
  x: 746.0042496496011
  y: 72.0625
  z: -57.44937151850912
  yaw: 193.81458
  pitch: 52.799557
money: '7902.55'
nickname: aBSOlUte_mADLad
afk: false
