lastAccountName: lolo_lola_69
timestamps:
  login: 1569044409492
  logout: 1569044533673
  lastteleport: 1568996102630
ipAddress: 0:0:0:0:0:0:0:1
lastlocation:
  world: world
  x: 743.5833108441468
  y: 72.0
  z: -57.23646315631214
  yaw: 273.31427
  pitch: 16.799593
logoutlocation:
  world: world
  x: 742.4363427834031
  y: 72.0
  z: -57.08846729881803
  yaw: 313.88324
  pitch: 2.2500224
money: '7852.55'
nickname: aBSOlUte_mADLad
afk: false
