lastAccountName: lolo_lola_69
timestamps:
  login: 1568202827036
  logout: 1568203371416
  lastteleport: 1568179353449
ipAddress: 0:0:0:0:0:0:0:1
lastlocation:
  world: world
  x: 716.4531510210259
  y: 68.0
  z: -77.31460754345582
  yaw: 154.06367
  pitch: 14.849687
logoutlocation:
  world: world
  x: 736.2841292307336
  y: 65.0
  z: -88.11152708145838
  yaw: 352.3641
  pitch: 37.79972
money: '7902.55'
nickname: aBSOlUte_mADLad
afk: false
