lastAccountName: lolo_lola_69
timestamps:
  login: 1568854070630
  logout: 1568854623631
  lastteleport: 1568816879846
ipAddress: 0:0:0:0:0:0:0:1
lastlocation:
  world: world
  x: 743.3182663537335
  y: 72.0
  z: -64.8933603556379
  yaw: -64.18628
  pitch: 24.59968
logoutlocation:
  world: world
  x: 742.761788863926
  y: 72.0
  z: -65.31533537377622
  yaw: 285.01758
  pitch: 31.04983
money: '7852.55'
nickname: aBSOlUte_mADLad
afk: false
