lastAccountName: lolo_lola_69
timestamps:
  login: 1566575362309
  logout: 1566575462397
  lastteleport: 1566214465202
ipAddress: 0:0:0:0:0:0:0:1
lastlocation:
  world: world
  x: 744.8899504349894
  y: 72.0625
  z: -64.54357354564101
  yaw: -197.83635
  pitch: 31.499655
logoutlocation:
  world: world
  x: 619.1251491073515
  y: 77.0
  z: -121.05992786790824
  yaw: 61.10334
  pitch: 18.900276
money: '250.55'
nickname: vLadeeVlads
