lastAccountName: lolo_lola_69
timestamps:
  login: 1567757749372
  logout: 1567757947208
  lastteleport: 1567689462157
ipAddress: 0:0:0:0:0:0:0:1
lastlocation:
  world: world
  x: -6.4456741849094765
  y: 69.0
  z: 216.26515229293813
  yaw: -179.8543
  pitch: 1.0739887
logoutlocation:
  world: world
  x: 726.5711314377248
  y: 67.5
  z: -4.490879260764608
  yaw: 87.46596
  pitch: 7.0496926
money: '7902.55'
nickname: aBSOlUte_mADLad
afk: false
