lastAccountName: lolo_lola_69
timestamps:
  login: 1567257638111
  logout: 1567258414050
  lastteleport: 1567253429735
ipAddress: 0:0:0:0:0:0:0:1
lastlocation:
  world: world
  x: 744.7560854760926
  y: 72.0625
  z: -57.48258048370439
  yaw: 88.95984
  pitch: 26.099941
logoutlocation:
  world: world
  x: 651.0348213986846
  y: 68.0
  z: -3.161051541231662
  yaw: 263.8711
  pitch: 35.99994
money: '7902.55'
nickname: aBSOlUte_mADLad
