lastAccountName: lolo_lola_69
timestamps:
  login: 1566729702302
  logout: 1566732973720
  lastteleport: 1566712820061
ipAddress: 0:0:0:0:0:0:0:1
lastlocation:
  world: world
  x: 744.1972054870429
  y: 72.0625
  z: -64.82619280262094
  yaw: -82.186554
  pitch: 26.84965
logoutlocation:
  world: world
  x: 631.170590050214
  y: 65.0
  z: -18.17071747929731
  yaw: 100.96817
  pitch: -1.3500215
money: '250.55'
nickname: vLadeeVlads
