lastAccountName: lolo_lola_69
timestamps:
  login: 1568645955209
  logout: 1568650760824
  lastteleport: 1568647820347
ipAddress: 0:0:0:0:0:0:0:1
lastlocation:
  world: world
  x: 744.9318927701635
  y: 72.0
  z: -63.37788165124257
  yaw: -3.8865356
  pitch: 48.149704
logoutlocation:
  world: world_the_end
  x: 12914.084007300258
  y: 114.0
  z: -7543.244621896983
  yaw: 128.71399
  pitch: 29.850073
money: '7902.55'
nickname: aBSOlUte_mADLad
afk: false
