lastAccountName: lolo_lola_69
timestamps:
  login: 1567578319696
  logout: 1567583154896
  lastteleport: 1567523450553
ipAddress: 0:0:0:0:0:0:0:1
lastlocation:
  world: world
  x: 816.5389122555863
  y: 60.00133597911215
  z: -70.17340865832672
  yaw: 233.10425
  pitch: 17.70012
logoutlocation:
  world: world
  x: 694.1851284835536
  y: 66.0
  z: -71.1796486251164
  yaw: 25.664734
  pitch: 14.24975
money: '7902.55'
nickname: aBSOlUte_mADLad
afk: false
