lastAccountName: lolo_lola_69
timestamps:
  login: 1568184636670
  logout: 1568184915079
  lastteleport: 1568179353449
ipAddress: 0:0:0:0:0:0:0:1
lastlocation:
  world: world
  x: 716.4531510210259
  y: 68.0
  z: -77.31460754345582
  yaw: 154.06367
  pitch: 14.849687
logoutlocation:
  world: world
  x: 742.6859200833559
  y: 72.0
  z: -57.1632161515809
  yaw: 273.76752
  pitch: 27.749561
money: '7902.55'
nickname: aBSOlUte_mADLad
afk: false
