lastAccountName: lolo_lola_69
timestamps:
  login: 1567387522863
  logout: 1567387716323
  lastteleport: 1567348181541
ipAddress: 0:0:0:0:0:0:0:1
lastlocation:
  world: world
  x: 745.8088816003794
  y: 72.0625
  z: -57.19410886204622
  yaw: 88.38574
  pitch: 6.899946
logoutlocation:
  world: world
  x: 744.728264579574
  y: 72.0625
  z: -61.808907815000765
  yaw: -174.28633
  pitch: 30.599655
money: '7902.55'
nickname: aBSOlUte_mADLad
