lastAccountName: lolo_lola_69
timestamps:
  login: 1568116466236
  logout: 1568119007485
  lastteleport: 1568118519071
ipAddress: 0:0:0:0:0:0:0:1
lastlocation:
  world: world
  x: 692.4386226479962
  y: 65.0
  z: 26.100708111506094
  yaw: 55.37268
  pitch: 24.900217
logoutlocation:
  world: world
  x: 689.0755178122058
  y: 67.0
  z: 34.89835161436727
  yaw: 219.61536
  pitch: 30.6335
money: '7902.55'
nickname: aBSOlUte_mADLad
afk: false
