lastAccountName: lolo_lola_69
timestamps:
  login: 1568095453129
  logout: 1568095999503
  lastteleport: 1568095474521
ipAddress: 0:0:0:0:0:0:0:1
lastlocation:
  world: world
  x: 743.6093824070671
  y: 72.0
  z: -57.0930646318128
  yaw: 82.963715
  pitch: 33.149635
logoutlocation:
  world: world
  x: 745.597031747827
  y: 72.0
  z: -62.641745191911
  yaw: -343.4862
  pitch: 37.94965
money: '7902.55'
nickname: aBSOlUte_mADLad
afk: false
