lastAccountName: lolo_lola_69
timestamps:
  login: 1569820901316
  logout: 1569821026843
  lastteleport: 1569551585598
ipAddress: 0:0:0:0:0:0:0:1
lastlocation:
  world: world
  x: 761.3573414246689
  y: 69.0
  z: -38.415789589451784
  yaw: 270.20502
  pitch: 12.449978
logoutlocation:
  world: world
  x: 745.0012601747458
  y: 72.0
  z: -57.693418035261885
  yaw: 183.92175
  pitch: 35.250084
money: '8241.55'
nickname: aBSOlUte_mADLad
afk: false
