lastAccountName: lolo_lola_69
timestamps:
  login: 1568995314392
  logout: 1568996919632
  lastteleport: 1568996102630
ipAddress: 0:0:0:0:0:0:0:1
lastlocation:
  world: world
  x: 743.5833108441468
  y: 72.0
  z: -57.23646315631214
  yaw: 273.31427
  pitch: 16.799593
logoutlocation:
  world: world
  x: 745.8953997952783
  y: 72.0
  z: -62.75264423536748
  yaw: 49.36917
  pitch: 48.600067
money: '7852.55'
nickname: aBSOlUte_mADLad
afk: false
