lastAccountName: lolo_lola_69
timestamps:
  login: 1572694136225
  logout: 1572694517716
  lastteleport: 1569845405420
ipAddress: 0:0:0:0:0:0:0:1
lastlocation:
  world: world
  x: 724.9488939222209
  y: 66.0
  z: -63.84743739826976
  yaw: 103.51365
  pitch: 27.899641
logoutlocation:
  world: world
  x: 782.7415454693587
  y: 105.0
  z: 916.3999075436907
  yaw: 73.97571
  pitch: 4.349967
money: '8241.55'
nickname: aBSOlUte_mADLad
afk: false
