lastAccountName: lolo_lola_69
timestamps:
  login: 1569931834234
  logout: 1569935499181
  lastteleport: 1569845405420
ipAddress: 0:0:0:0:0:0:0:1
lastlocation:
  world: world
  x: 724.9488939222209
  y: 66.0
  z: -63.84743739826976
  yaw: 103.51365
  pitch: 27.899641
logoutlocation:
  world: world
  x: 492.1237518445314
  y: 119.0
  z: -244.2758146691651
  yaw: 60.560547
  pitch: 48.749825
money: '8241.55'
nickname: aBSOlUte_mADLad
afk: false
