lastAccountName: lolo_lola_69
timestamps:
  login: 1568789978339
  logout: 1568790614750
  lastteleport: 1568732363683
ipAddress: 0:0:0:0:0:0:0:1
lastlocation:
  world: world
  x: 733.3422460764377
  y: 68.0
  z: -58.19982773300556
  yaw: 122.11548
  pitch: 14.099576
logoutlocation:
  world: world
  x: 744.728264579574
  y: 72.0
  z: -61.808907815000765
  yaw: -174.28633
  pitch: 30.599655
money: '7902.55'
nickname: aBSOlUte_mADLad
afk: false
