lastAccountName: lolo_lola_69
timestamps:
  login: 1567870189350
  logout: 1567870827511
  lastteleport: 1567870314782
ipAddress: 0:0:0:0:0:0:0:1
lastlocation:
  world: world
  x: 746.299999974668
  y: 75.0625002
  z: -65.70000002533197
  yaw: 123.74837
  pitch: 19.650011
logoutlocation:
  world: world
  x: 746.5094883421954
  y: 72.0625
  z: -62.679788298950776
  yaw: 78.4641
  pitch: 22.649605
money: '7902.55'
nickname: aBSOlUte_mADLad
afk: false
