lastAccountName: lolo_lola_69
timestamps:
  login: 1566206694382
  logout: 1566209866670
  lastteleport: 1566207720156
ipAddress: 0:0:0:0:0:0:0:1
lastlocation:
  world: world
  x: 707.6410800510927
  y: 66.0
  z: -60.12366547848003
  yaw: -15.43689
  pitch: 19.949657
logoutlocation:
  world: world
  x: 743.498726967808
  y: 72.0625
  z: -56.49649489780416
  yaw: 87.46362
  pitch: 53.099697
money: '250.55'
nickname: vLadeeVlads
