lastAccountName: lolo_lola_69
timestamps:
  login: 1569143956849
  logout: 1569149676771
  lastteleport: 1569144880426
ipAddress: 0:0:0:0:0:0:0:1
lastlocation:
  world: world
  x: 548.7138953093537
  y: 63.0
  z: 405.80118532759076
  yaw: 104.50185
  pitch: 16.446949
logoutlocation:
  world: world
  x: 723.97520810969
  y: 66.0
  z: -62.04733661841356
  yaw: 117.83215
  pitch: 20.250154
money: '6978.55'
nickname: aBSOlUte_mADLad
afk: false
