lastAccountName: lolo_lola_69
timestamps:
  login: 1569219142313
  logout: 1569219234046
  lastteleport: 1569144880426
ipAddress: 0:0:0:0:0:0:0:1
lastlocation:
  world: world
  x: 548.7138953093537
  y: 63.0
  z: 405.80118532759076
  yaw: 104.50185
  pitch: 16.446949
logoutlocation:
  world: world
  x: 745.6061708345771
  y: 72.0
  z: -62.8713223850358
  yaw: 190.36249
  pitch: 58.649582
money: '6978.55'
nickname: aBSOlUte_mADLad
afk: false
