lastAccountName: lolo_lola_69
timestamps:
  login: 1566024539539
  logout: 1566025972861
  lastteleport: 1565958534691
ipAddress: 0:0:0:0:0:0:0:1
lastlocation:
  world: world
  x: 637.496615587537
  y: 65.0
  z: 9.852929060748023
  yaw: 212.56415
  pitch: 12.449794
logoutlocation:
  world: world
  x: 714.7860917259426
  y: 67.0
  z: -71.20280952630601
  yaw: 78.762695
  pitch: 11.099813
money: '250.55'
