lastAccountName: lolo_lola_69
timestamps:
  login: 1568623627620
  logout: 1568625201169
  lastteleport: 1568614522784
ipAddress: 0:0:0:0:0:0:0:1
lastlocation:
  world: world
  x: 780.6792958197123
  y: 54.0
  z: -486.8549110771439
  yaw: 33.175903
  pitch: 22.051184
logoutlocation:
  world: world
  x: 745.6943585766431
  y: 72.0
  z: -61.5510545924417
  yaw: 17.41858
  pitch: 47.84964
money: '7902.55'
nickname: aBSOlUte_mADLad
afk: false
