lastAccountName: lolo_lola_69
timestamps:
  login: 1569316426330
  logout: 1569317768251
  lastteleport: 1569144880426
ipAddress: 0:0:0:0:0:0:0:1
lastlocation:
  world: world
  x: 548.7138953093537
  y: 63.0
  z: 405.80118532759076
  yaw: 104.50185
  pitch: 16.446949
logoutlocation:
  world: world
  x: 759.2826467899216
  y: 54.0
  z: -467.41400852327564
  yaw: 201.4757
  pitch: 33.001118
money: '6978.55'
nickname: aBSOlUte_mADLad
afk: false
