lastAccountName: lolo_lola_69
timestamps:
  login: 1569844557968
  logout: 1569849493086
  lastteleport: 1569845405420
ipAddress: 0:0:0:0:0:0:0:1
lastlocation:
  world: world
  x: 724.9488939222209
  y: 66.0
  z: -63.84743739826976
  yaw: 103.51365
  pitch: 27.899641
logoutlocation:
  world: world
  x: 548.5121958747964
  y: 108.76665104805534
  z: -215.5004161226834
  yaw: 356.18896
  pitch: 22.49996
money: '8241.55'
nickname: aBSOlUte_mADLad
afk: false
