lastAccountName: lolo_lola_69
timestamps:
  login: 1571834054736
  logout: 1571834104037
  lastteleport: 1569845405420
ipAddress: 0:0:0:0:0:0:0:1
lastlocation:
  world: world
  x: 724.9488939222209
  y: 66.0
  z: -63.84743739826976
  yaw: 103.51365
  pitch: 27.899641
logoutlocation:
  world: world
  x: 744.2529117614727
  y: 72.0
  z: -57.16813688713519
  yaw: 212.12
  pitch: 27.450066
money: '8241.55'
nickname: aBSOlUte_mADLad
afk: false
