lastAccountName: lolo_lola_69
timestamps:
  login: 1570351076137
  logout: 1570354078622
  lastteleport: 1569845405420
ipAddress: 0:0:0:0:0:0:0:1
lastlocation:
  world: world
  x: 724.9488939222209
  y: 66.0
  z: -63.84743739826976
  yaw: 103.51365
  pitch: 27.899641
logoutlocation:
  world: world
  x: 717.7405455666322
  y: 63.0
  z: -231.2215773689006
  yaw: -105.285706
  pitch: 46.349747
money: '8241.55'
nickname: aBSOlUte_mADLad
afk: false
