lastAccountName: lolo_lola_69
timestamps:
  login: 1566664137376
  logout: 1566664410799
  lastteleport: 1566660236873
ipAddress: 0:0:0:0:0:0:0:1
lastlocation:
  world: world
  x: 681.5727540756808
  y: 67.0
  z: 10.646910439895713
  yaw: 209.2638
  pitch: 19.049803
logoutlocation:
  world: world
  x: 743.8787275639223
  y: 72.0625
  z: -56.44396044918431
  yaw: 143.41504
  pitch: 40.649757
money: '250.55'
nickname: vLadeeVlads
