lastAccountName: lolo_lola_69
timestamps:
  login: 1570366478631
  logout: 1570366862416
  lastteleport: 1569845405420
ipAddress: 0:0:0:0:0:0:0:1
lastlocation:
  world: world
  x: 724.9488939222209
  y: 66.0
  z: -63.84743739826976
  yaw: 103.51365
  pitch: 27.899641
logoutlocation:
  world: world
  x: 744.867675268594
  y: 72.0
  z: -57.20144934409383
  yaw: 269.87378
  pitch: 25.79964
money: '8241.55'
nickname: aBSOlUte_mADLad
afk: false
