lastAccountName: lolo_lola_69
timestamps:
  login: 1567418413534
  logout: 1567420802200
  lastteleport: 1567417084673
ipAddress: 0:0:0:0:0:0:0:1
lastlocation:
  world: world
  x: 742.0876671988896
  y: 72.0625
  z: -65.31717683009535
  yaw: -120.586365
  pitch: 40.04965
logoutlocation:
  world: world
  x: 744.728264579574
  y: 72.0625
  z: -61.808907815000765
  yaw: -174.28633
  pitch: 30.599655
money: '7902.55'
nickname: aBSOlUte_mADLad
