lastAccountName: lolo_lola_69
timestamps:
  login: 1567507904560
  logout: 1567508593347
  lastteleport: 1567508529801
ipAddress: 0:0:0:0:0:0:0:1
lastlocation:
  world: world
  x: 720.1341925539339
  y: 66.0
  z: -67.22031894447429
  yaw: 133.96631
  pitch: 16.049639
logoutlocation:
  world: world
  x: 626.5196424466284
  y: 84.0
  z: -253.60807863553973
  yaw: 4.4941406
  pitch: 32.40002
money: '7902.55'
nickname: aBSOlUte_mADLad
afk: false
