lastAccountName: lolo_lola_69
timestamps:
  login: 1567609554406
  logout: 1567612208156
  lastteleport: 1567611757279
ipAddress: 0:0:0:0:0:0:0:1
lastlocation:
  world: world
  x: 676.7311057694335
  y: 66.0
  z: -48.98158958976711
  yaw: 252.31677
  pitch: 41.399563
logoutlocation:
  world: world
  x: 744.993012321597
  y: 72.0625
  z: -57.27033884505181
  yaw: 268.8103
  pitch: 57.749386
money: '7902.55'
nickname: aBSOlUte_mADLad
afk: false
