lastAccountName: lolo_lola_69
timestamps:
  login: 1564147016380
  logout: 1564148199924
  lastteleport: 1564146702887
ipAddress: 0:0:0:0:0:0:0:1
lastlocation:
  world: world
  x: 745.6009202316513
  y: 69.0
  z: -63.32117481945374
  yaw: 312.77374
  pitch: 57.000294
logoutlocation:
  world: world
  x: -998.771878039486
  y: 65.0
  z: -1017.996844627746
  yaw: 333.01645
  pitch: 8.4
money: '250.55'
