lastAccountName: lolo_lola_69
timestamps:
  login: 1570111028082
  logout: 1570113355954
  lastteleport: 1569845405420
ipAddress: 0:0:0:0:0:0:0:1
lastlocation:
  world: world
  x: 724.9488939222209
  y: 66.0
  z: -63.84743739826976
  yaw: 103.51365
  pitch: 27.899641
logoutlocation:
  world: world
  x: 486.6515990938227
  y: 94.0
  z: -240.31239322385554
  yaw: 93.405334
  pitch: -70.64997
money: '8241.55'
nickname: aBSOlUte_mADLad
afk: false
