lastAccountName: lolo_lola_69
timestamps:
  login: 1569390636288
  logout: 1569391142457
  lastteleport: 1569391085594
ipAddress: 0:0:0:0:0:0:0:1
lastlocation:
  world: world
  x: 689.6865173441518
  y: 67.0
  z: -54.79849655619663
  yaw: 157.36407
  pitch: -0.60024804
logoutlocation:
  world: world
  x: 741.9519003078498
  y: 72.0
  z: -65.02769193023778
  yaw: -255.88626
  pitch: 63.599663
money: '6978.55'
nickname: aBSOlUte_mADLad
afk: false
