lastAccountName: lolo_lola_69
timestamps:
  login: 1569731084225
  logout: 1569731783132
  lastteleport: 1569551585598
ipAddress: 0:0:0:0:0:0:0:1
lastlocation:
  world: world
  x: 761.3573414246689
  y: 69.0
  z: -38.415789589451784
  yaw: 270.20502
  pitch: 12.449978
logoutlocation:
  world: world
  x: 697.9669963555932
  y: 45.0
  z: 14.652598700689861
  yaw: -319.02518
  pitch: 12.150046
money: '8241.55'
nickname: aBSOlUte_mADLad
afk: false
