lastAccountName: lolo_lola_69
timestamps:
  login: 1568367142333
  logout: 1568367192380
  lastteleport: 1568264916763
ipAddress: 0:0:0:0:0:0:0:1
lastlocation:
  world: world
  x: 730.0161329991364
  y: 66.0
  z: -77.0382908497797
  yaw: -125.38745
  pitch: 21.300032
logoutlocation:
  world: world
  x: 731.600801354281
  y: 68.0
  z: -58.447535280079464
  yaw: 38.111053
  pitch: 17.69948
money: '7902.55'
nickname: aBSOlUte_mADLad
afk: false
