lastAccountName: lolo_lola_69
timestamps:
  login: 1568792874836
  logout: 1568792912823
  lastteleport: 1568732363683
ipAddress: 0:0:0:0:0:0:0:1
lastlocation:
  world: world
  x: 733.3422460764377
  y: 68.0
  z: -58.19982773300556
  yaw: 122.11548
  pitch: 14.099576
logoutlocation:
  world: world
  x: 746.4833437233034
  y: 75.0
  z: -59.87317315056429
  yaw: 161.56378
  pitch: 25.049688
money: '7902.55'
nickname: aBSOlUte_mADLad
afk: false
