lastAccountName: lolo_lola_69
timestamps:
  login: 1569550165403
  logout: 1569552492363
  lastteleport: 1569551585598
ipAddress: 0:0:0:0:0:0:0:1
lastlocation:
  world: world
  x: 761.3573414246689
  y: 69.0
  z: -38.415789589451784
  yaw: 270.20502
  pitch: 12.449978
logoutlocation:
  world: world
  x: 693.627087295783
  y: 63.0
  z: 7.387416162392438
  yaw: 274.0641
  pitch: 64.9496
money: '8241.55'
nickname: aBSOlUte_mADLad
afk: false
