lastAccountName: lolo_lola_69
timestamps:
  login: 1568276332200
  logout: 1568276444646
  lastteleport: 1568264916763
ipAddress: 0:0:0:0:0:0:0:1
lastlocation:
  world: world
  x: 730.0161329991364
  y: 66.0
  z: -77.0382908497797
  yaw: -125.38745
  pitch: 21.300032
logoutlocation:
  world: world
  x: 793.8093321752494
  y: 67.0
  z: -96.30303984058136
  yaw: 272.56573
  pitch: 24.000013
money: '7902.55'
nickname: aBSOlUte_mADLad
afk: false
