lastAccountName: lolo_lola_69
timestamps:
  login: 1571030566084
  logout: 1571031884556
  lastteleport: 1569845405420
ipAddress: 0:0:0:0:0:0:0:1
lastlocation:
  world: world
  x: 724.9488939222209
  y: 66.0
  z: -63.84743739826976
  yaw: 103.51365
  pitch: 27.899641
logoutlocation:
  world: world
  x: 745.4875000119209
  y: 75.0
  z: -63.492538345648406
  yaw: 348.6245
  pitch: 32.24966
money: '8241.55'
nickname: aBSOlUte_mADLad
afk: false
