lastAccountName: lolo_lola_69
timestamps:
  login: 1570113422334
  logout: 1570114799715
  lastteleport: 1569845405420
ipAddress: 0:0:0:0:0:0:0:1
lastlocation:
  world: world
  x: 724.9488939222209
  y: 66.0
  z: -63.84743739826976
  yaw: 103.51365
  pitch: 27.899641
logoutlocation:
  world: world
  x: 720.5323133763505
  y: 89.09684329159401
  z: -201.4244051273923
  yaw: 205.6659
  pitch: 46.499863
money: '8241.55'
nickname: aBSOlUte_mADLad
afk: false
