lastAccountName: lolo_lola_69
timestamps:
  login: 1568465934743
  logout: 1568467498253
  lastteleport: 1568264916763
ipAddress: 0:0:0:0:0:0:0:1
lastlocation:
  world: world
  x: 730.0161329991364
  y: 66.0
  z: -77.0382908497797
  yaw: -125.38745
  pitch: 21.300032
logoutlocation:
  world: world
  x: 699.627824304399
  y: 46.0
  z: 1.5467059563345367
  yaw: -42.88642
  pitch: 15.599672
money: '7902.55'
nickname: aBSOlUte_mADLad
afk: false
