lastAccountName: lolo_lola_69
timestamps:
  login: 1567741968404
  logout: 1567742702048
  lastteleport: 1567689462157
ipAddress: 0:0:0:0:0:0:0:1
lastlocation:
  world: world
  x: -6.4456741849094765
  y: 69.0
  z: 216.26515229293813
  yaw: -179.8543
  pitch: 1.0739887
logoutlocation:
  world: world
  x: 674.1702402189824
  y: 65.0
  z: -40.9009709251361
  yaw: 45.611206
  pitch: 16.349874
money: '7902.55'
nickname: aBSOlUte_mADLad
afk: false
