lastAccountName: lolo_lola_69
timestamps:
  login: 1569248601392
  logout: 1569249561516
  lastteleport: 1569144880426
ipAddress: 0:0:0:0:0:0:0:1
lastlocation:
  world: world
  x: 548.7138953093537
  y: 63.0
  z: 405.80118532759076
  yaw: 104.50185
  pitch: 16.446949
logoutlocation:
  world: world
  x: 757.3480376190163
  y: 54.0
  z: -482.9882110399672
  yaw: 155.27563
  pitch: 27.451113
money: '6978.55'
nickname: aBSOlUte_mADLad
afk: false
