lastAccountName: lolo_lola_69
timestamps:
  login: 1568609128546
  logout: 1568613847007
  lastteleport: 1568612959640
ipAddress: 0:0:0:0:0:0:0:1
lastlocation:
  world: world
  x: 743.7486286035498
  y: 72.0
  z: -64.23750001192093
  yaw: -126.286545
  pitch: 28.049698
logoutlocation:
  world: world_the_end
  x: -15013.785378160093
  y: 62.0
  z: -1324.2911747954568
  yaw: 171.4331
  pitch: 11.099839
money: '7902.55'
nickname: aBSOlUte_mADLad
afk: false
