lastAccountName: lolo_lola_69
timestamps:
  login: 1569206335705
  logout: 1569208467971
  lastteleport: 1569144880426
ipAddress: 0:0:0:0:0:0:0:1
lastlocation:
  world: world
  x: 548.7138953093537
  y: 63.0
  z: 405.80118532759076
  yaw: 104.50185
  pitch: 16.446949
logoutlocation:
  world: world
  x: 744.728264579574
  y: 72.0
  z: -61.808907815000765
  yaw: -174.28633
  pitch: 30.599655
money: '6978.55'
nickname: aBSOlUte_mADLad
afk: false
