lastAccountName: lolo_lola_69
timestamps:
  login: 1567937942428
  logout: 1567938344073
  lastteleport: 1567932424403
ipAddress: 0:0:0:0:0:0:0:1
lastlocation:
  world: world
  x: 704.9932278296012
  y: 64.0
  z: -113.24221016300467
  yaw: 184.06543
  pitch: 6.1497235
logoutlocation:
  world: world
  x: 744.728264579574
  y: 72.0
  z: -61.808907815000765
  yaw: -154.33633
  pitch: 44.849655
money: '7902.55'
nickname: aBSOlUte_mADLad
afk: false
