lastAccountName: lolo_lola_69
timestamps:
  login: 1567333090596
  logout: 1567333717306
  lastteleport: 1567267169191
ipAddress: 0:0:0:0:0:0:0:1
lastlocation:
  world: world
  x: 745.4582300750371
  y: 72.0625
  z: -61.961893927921906
  yaw: 31.06372
  pitch: 5.999716
logoutlocation:
  world: world
  x: 630.7663192172903
  y: 78.0
  z: -10.58032016619536
  yaw: 260.42126
  pitch: -68.249916
money: '7902.55'
nickname: aBSOlUte_mADLad
