lastAccountName: lolo_lola_69
timestamps:
  login: 1567678425254
  logout: 1567684696032
  lastteleport: 1567680716521
ipAddress: 0:0:0:0:0:0:0:1
lastlocation:
  world: world
  x: 746.125258952396
  y: 69.0
  z: -62.804551210700055
  yaw: 305.11084
  pitch: 25.049978
logoutlocation:
  world: world
  x: 820.1170979718112
  y: 66.0
  z: -52.82119536595654
  yaw: 144.91199
  pitch: 56.250004
money: '7902.55'
nickname: aBSOlUte_mADLad
afk: false
