lastAccountName: lolo_lola_69
timestamps:
  login: 1572233971371
  logout: 1572234082553
  lastteleport: 1569845405420
ipAddress: 0:0:0:0:0:0:0:1
lastlocation:
  world: world
  x: 724.9488939222209
  y: 66.0
  z: -63.84743739826976
  yaw: 103.51365
  pitch: 27.899641
logoutlocation:
  world: world
  x: 708.1997440538158
  y: 68.0
  z: -97.00669794311588
  yaw: -48.19452
  pitch: 21.149996
money: '8241.55'
nickname: aBSOlUte_mADLad
afk: false
