lastAccountName: lolo_lola_69
timestamps:
  login: 1567090482844
  logout: 1567090532842
  lastteleport: 1567055974177
ipAddress: 0:0:0:0:0:0:0:1
lastlocation:
  world: world
  x: 745.0602346909402
  y: 72.0625
  z: -57.138608679562296
  yaw: 82.21401
  pitch: 40.349586
logoutlocation:
  world: world
  x: 728.5254151303767
  y: 68.02442408821369
  z: -77.93801205996277
  yaw: 167.11504
  pitch: 23.69992
money: '5346.55'
nickname: aBSOlUte_mADLad
