lastAccountName: lolo_lola_69
timestamps:
  login: 1567784479784
  logout: 1567784500065
  lastteleport: 1567689462157
ipAddress: 0:0:0:0:0:0:0:1
lastlocation:
  world: world
  x: -6.4456741849094765
  y: 69.0
  z: 216.26515229293813
  yaw: -179.8543
  pitch: 1.0739887
logoutlocation:
  world: world
  x: 717.7076098882358
  y: 67.5
  z: -3.311093556786766
  yaw: 90.016
  pitch: 30.59969
money: '7902.55'
nickname: aBSOlUte_mADLad
afk: false
