lastAccountName: lolo_lola_69
timestamps:
  login: 1569459126138
  logout: 1569459503973
  lastteleport: 1569392183833
ipAddress: 0:0:0:0:0:0:0:1
lastlocation:
  world: world
  x: 757.6377684900835
  y: 54.0
  z: -487.8643200960752
  yaw: -41.224285
  pitch: 16.951147
logoutlocation:
  world: world
  x: 744.3484981843945
  y: 72.0
  z: -61.09132360589231
  yaw: 162.16443
  pitch: 34.499657
money: '6978.55'
nickname: aBSOlUte_mADLad
afk: false
