lastAccountName: lolo_lola_69
timestamps:
  login: 1567832290212
  logout: 1567834579225
  lastteleport: 1567689462157
ipAddress: 0:0:0:0:0:0:0:1
lastlocation:
  world: world
  x: -6.4456741849094765
  y: 69.0
  z: 216.26515229293813
  yaw: -179.8543
  pitch: 1.0739887
logoutlocation:
  world: world
  x: 703.1366444557551
  y: 46.0
  z: 2.6210325718839984
  yaw: 325.2172
  pitch: 34.350018
money: '7902.55'
nickname: aBSOlUte_mADLad
afk: false
