lastAccountName: lolo_lola_69
timestamps:
  login: 1564762461710
  logout: 1564766085209
  lastteleport: 1564765602201
ipAddress: 0:0:0:0:0:0:0:1
lastlocation:
  world: world
  x: 737.4170923179206
  y: 69.0
  z: -57.463896397810835
  yaw: 84.46367
  pitch: 8.249502
logoutlocation:
  world: world
  x: 744.728264579574
  y: 72.0625
  z: -61.808907815000765
  yaw: -174.28633
  pitch: 30.599655
money: '250.55'
