lastAccountName: lolo_lola_69
timestamps:
  login: 1564843479349
  logout: 1564843492648
  lastteleport: 1564839969521
ipAddress: 0:0:0:0:0:0:0:1
lastlocation:
  world: world
  x: 735.5958242989011
  y: 69.0
  z: -60.90972607679052
  yaw: 357.01575
  pitch: -7.200376
logoutlocation:
  world: world
  x: 768.7155493225456
  y: 69.0
  z: -295.3031605602439
  yaw: 49.064728
  pitch: 26.39978
money: '250.55'
