lastAccountName: lolo_lola_69
timestamps:
  login: 1568173682452
  logout: 1568178672912
  lastteleport: 1568174320583
ipAddress: 0:0:0:0:0:0:0:1
lastlocation:
  world: world
  x: 742.8075213356361
  y: 72.0
  z: -65.13728047020174
  yaw: -60.136227
  pitch: 32.699654
logoutlocation:
  world: world
  x: 960.4369944459555
  y: 80.0
  z: -234.54849558862747
  yaw: 69.31854
  pitch: 19.649313
money: '7902.55'
nickname: aBSOlUte_mADLad
afk: false
