lastAccountName: lolo_lola_69
timestamps:
  login: 1566644851892
  logout: 1566644907495
  lastteleport: 1566214465202
ipAddress: 0:0:0:0:0:0:0:1
lastlocation:
  world: world
  x: 744.8899504349894
  y: 72.0625
  z: -64.54357354564101
  yaw: -197.83635
  pitch: 31.499655
logoutlocation:
  world: world
  x: 743.625218896704
  y: 72.0625
  z: -57.049437926440845
  yaw: -104.98601
  pitch: 29.849686
money: '250.55'
nickname: vLadeeVlads
