lastAccountName: lolo_lola_69
timestamps:
  login: 1568944388166
  logout: 1568946300787
  lastteleport: 1568904711087
ipAddress: 0:0:0:0:0:0:0:1
lastlocation:
  world: world
  x: 725.2025010723858
  y: 63.0
  z: 85.36688692703116
  yaw: 19.816376
  pitch: 11.999902
logoutlocation:
  world: world
  x: 746.5572805263681
  y: 72.0
  z: -59.14785657102034
  yaw: 210.59766
  pitch: 33.150223
money: '7852.55'
nickname: aBSOlUte_mADLad
afk: false
