lastAccountName: lolo_lola_69
timestamps:
  login: 1568815577354
  logout: 1568819660172
  lastteleport: 1568816879846
ipAddress: 0:0:0:0:0:0:0:1
lastlocation:
  world: world
  x: 743.3182663537335
  y: 72.0
  z: -64.8933603556379
  yaw: -64.18628
  pitch: 24.59968
logoutlocation:
  world: world
  x: 761.9452676475892
  y: 65.24918707874468
  z: -560.9858332713098
  yaw: -224.08804
  pitch: 23.250053
money: '7852.55'
nickname: aBSOlUte_mADLad
afk: false
