lastAccountName: lolo_lola_69
timestamps:
  login: 1567856407927
  logout: 1567857218749
  lastteleport: 1567689462157
ipAddress: 0:0:0:0:0:0:0:1
lastlocation:
  world: world
  x: -6.4456741849094765
  y: 69.0
  z: 216.26515229293813
  yaw: -179.8543
  pitch: 1.0739887
logoutlocation:
  world: world
  x: 738.2688399765607
  y: 86.0
  z: -178.25982705175275
  yaw: 134.56732
  pitch: 23.25
money: '7902.55'
nickname: aBSOlUte_mADLad
afk: false
