lastAccountName: lolo_lola_69
timestamps:
  login: 1567402950192
  logout: 1567403707932
  lastteleport: 1567402827469
ipAddress: 0:0:0:0:0:0:0:1
lastlocation:
  world: world
  x: 725.691701844427
  y: 66.0
  z: -44.12875605798753
  yaw: 151.06482
  pitch: 38.399677
logoutlocation:
  world: world
  x: 743.4034474968837
  y: 72.0625
  z: -56.57797709544442
  yaw: -90.91751
  pitch: 39.59955
money: '7902.55'
nickname: aBSOlUte_mADLad
