lastAccountName: lolo_lola_69
timestamps:
  login: 1572509461808
  logout: 1572509484541
  lastteleport: 1569845405420
ipAddress: 0:0:0:0:0:0:0:1
lastlocation:
  world: world
  x: 724.9488939222209
  y: 66.0
  z: -63.84743739826976
  yaw: 103.51365
  pitch: 27.899641
logoutlocation:
  world: world
  x: 744.728264579574
  y: 72.0
  z: -61.808907815000765
  yaw: -174.28633
  pitch: 30.599655
money: '8241.55'
nickname: aBSOlUte_mADLad
afk: false
