lastAccountName: RHIMURU
timestamps:
  login: 1567348707584
  logout: 1567348848006
ipAddress: 0:0:0:0:0:0:0:1
lastlocation:
  world: world
  x: 0.5
  y: 69.0
  z: 223.5
  yaw: 0.9874741
  pitch: 0.0
logoutlocation:
  world: world
  x: -6.523968310246835
  y: 69.0
  z: 217.96787591914196
  yaw: -172.20453
  pitch: 3.3239868
