lastAccountName: Arisu21
timestamps:
  login: 1568167305993
  lastteleport: 1568173707763
  logout: 1568178672848
ipAddress: 0:0:0:0:0:0:0:1
lastlocation:
  world: world
  x: -4.702484215293037
  y: 69.0
  z: 215.5652571695351
  yaw: -64.65442
  pitch: -0.27601367
logoutlocation:
  world: world
  x: 964.6999999880791
  y: 79.0
  z: -224.30000001192093
  yaw: 104.31838
  pitch: 58.350033
