lastAccountName: Arisu21
timestamps:
  login: 1568195248936
  lastteleport: 1568173707763
  logout: 1568200083741
ipAddress: 0:0:0:0:0:0:0:1
lastlocation:
  world: world
  x: -4.702484215293037
  y: 69.0
  z: 215.5652571695351
  yaw: -64.65442
  pitch: -0.27601367
logoutlocation:
  world: world
  x: 963.9637871793997
  y: 79.0
  z: -224.96261778160607
  yaw: 182.92993
  pitch: 14.699741
