lastAccountName: Arisu21
timestamps:
  login: 1569478789058
  lastteleport: 1569478943889
  logout: 1569482123161
ipAddress: 0:0:0:0:0:0:0:1
lastlocation:
  world: world
  x: -6.835354095846703
  y: 69.0
  z: 213.02971289892727
  yaw: -157.05437
  pitch: 5.12399
logoutlocation:
  world: world
  x: 959.6999999880791
  y: 82.0
  z: -229.40149664402193
  yaw: -94.56738
  pitch: 44.39973
