lastAccountName: Arisu21
timestamps:
  login: 1568258263955
  lastteleport: 1568258470222
  logout: 1568261516841
ipAddress: 0:0:0:0:0:0:0:1
lastlocation:
  world: world
  x: 931.09323478601
  y: 71.0
  z: -221.22223356406906
  yaw: 37.878654
  pitch: 13.949661
logoutlocation:
  world: world
  x: 959.3000000119209
  y: 81.0
  z: -226.69999998807907
  yaw: 223.87996
  pitch: 8.699713
