lastAccountName: Arisu21
timestamps:
  login: 1568307459802
  lastteleport: 1568258470222
  logout: 1568317087139
ipAddress: 0:0:0:0:0:0:0:1
lastlocation:
  world: world
  x: 931.09323478601
  y: 71.0
  z: -221.22223356406906
  yaw: 37.878654
  pitch: 13.949661
logoutlocation:
  world: world
  x: 959.671684846678
  y: 82.0
  z: -228.016614872774
  yaw: 337.7299
  pitch: 27.29979
