lastAccountName: Arisu21
timestamps:
  login: 1568282848086
  lastteleport: 1568258470222
  logout: 1568282864907
ipAddress: 0:0:0:0:0:0:0:1
lastlocation:
  world: world
  x: 931.09323478601
  y: 71.0
  z: -221.22223356406906
  yaw: 37.878654
  pitch: 13.949661
logoutlocation:
  world: world
  x: 959.4431612294643
  y: 82.0
  z: -228.1317118422633
  yaw: 6.8311157
  pitch: 15.899817
