lastAccountName: Arisu21
timestamps:
  login: 1568300011178
  lastteleport: 1568258470222
  logout: 1568306745592
ipAddress: 0:0:0:0:0:0:0:1
lastlocation:
  world: world
  x: 931.09323478601
  y: 71.0
  z: -221.22223356406906
  yaw: 37.878654
  pitch: 13.949661
logoutlocation:
  world: world
  x: 959.4084594532018
  y: 82.0
  z: -227.69515590060735
  yaw: 353.02942
  pitch: 25.049822
