lastAccountName: Arisu21
timestamps:
  login: 1568264331508
  lastteleport: 1568258470222
  logout: 1568275819387
ipAddress: 0:0:0:0:0:0:0:1
lastlocation:
  world: world
  x: 931.09323478601
  y: 71.0
  z: -221.22223356406906
  yaw: 37.878654
  pitch: 13.949661
logoutlocation:
  world: world
  x: 959.3084534584655
  y: 82.0
  z: -227.93081532058707
  yaw: 356.4805
  pitch: 15.599799
