lastAccountName: Arisu21
timestamps:
  login: 1569163746249
  lastteleport: 1568258470222
  logout: 1569164942839
ipAddress: 0:0:0:0:0:0:0:1
lastlocation:
  world: world
  x: 931.09323478601
  y: 71.0
  z: -221.22223356406906
  yaw: 37.878654
  pitch: 13.949661
logoutlocation:
  world: world
  x: 963.5656242597064
  y: 79.0
  z: -226.20085329735048
  yaw: 180.078
  pitch: 1.3500189
