lastAccountName: imololakanding
timestamps:
  login: 1564410788614
  lastteleport: 1564312282647
  logout: 1564410812228
ipAddress: 0:0:0:0:0:0:0:1
lastlocation:
  world: world
  x: 1061.725114816968
  y: 63.0
  z: -186.61370910480292
  yaw: -275.67444
  pitch: 29.099678
logoutlocation:
  world: world
  x: 1112.300000011921
  y: 82.0
  z: -232.35584316855463
  yaw: -211.60236
  pitch: 25.498999
money: '229.42'
