lastAccountName: imololakanding
timestamps:
  login: 1564641900804
  lastteleport: 1564312282647
  logout: 1564644053406
ipAddress: 0:0:0:0:0:0:0:1
lastlocation:
  world: world
  x: 1061.725114816968
  y: 63.0
  z: -186.61370910480292
  yaw: -275.67444
  pitch: 29.099678
logoutlocation:
  world: world
  x: -6.504584817638886
  y: 69.0
  z: 235.05742690117881
  yaw: -0.3050511
  pitch: 20.273964
money: '229.42'
