lastAccountName: FKritz
timestamps:
  login: 1564762155694
  logout: 1564766462411
ipAddress: 0:0:0:0:0:0:0:1
lastlocation:
  world: world
  x: -10.5
  y: 69.0
  z: 210.5
  yaw: 5.7538004
  pitch: 0.0
logoutlocation:
  world: world
  x: 807.3847618296813
  y: 76.0
  z: -444.14656797049497
  yaw: 54.092773
  pitch: 6.2995205
