lastAccountName: FKritz
timestamps:
  login: 1570630441917
  logout: 1570633285908
  lastteleport: 1570631644737
ipAddress: 0:0:0:0:0:0:0:1
lastlocation:
  world: world
  x: 825.4125369711376
  y: 65.0
  z: -428.16069984176244
  yaw: 164.54028
  pitch: 14.099507
logoutlocation:
  world: world
  x: 768.0035021571218
  y: 67.0
  z: -477.6578632497866
  yaw: 25.954712
  pitch: 17.250185
