lastAccountName: FKritz
timestamps:
  login: 1566399663794
  logout: 1566401600491
  lastteleport: 1566400824826
ipAddress: 0:0:0:0:0:0:0:1
lastlocation:
  world: world
  x: 790.730893796017
  y: 66.0625
  z: -469.97049172712116
  yaw: -109.50799
  pitch: 9.749871
logoutlocation:
  world: world
  x: 784.527330202564
  y: 54.0
  z: -485.78268319421903
  yaw: 7.3720703
  pitch: 7.286223
