lastAccountName: FKritz
timestamps:
  login: 1566139488816
  logout: 1566142615312
  lastteleport: 1566141156838
ipAddress: 0:0:0:0:0:0:0:1
lastlocation:
  world: world
  x: 784.0174625075034
  y: 54.0
  z: -476.276862285767
  yaw: 34.401123
  pitch: 3.900109
logoutlocation:
  world: world
  x: 778.1686895349002
  y: 54.0
  z: -471.4767158194824
  yaw: 222.02563
  pitch: 15.900639
