lastAccountName: FKritz
timestamps:
  login: 1567089303355
  logout: 1567089328363
  lastteleport: 1567003860367
ipAddress: 0:0:0:0:0:0:0:1
lastlocation:
  world: world
  x: 765.5495753419871
  y: 67.0
  z: -464.0497943343009
  yaw: 213.02014
  pitch: 0.2999557
logoutlocation:
  world: world
  x: 783.4734000733723
  y: 54.0
  z: -475.7177601042448
  yaw: 150.79779
  pitch: 17.550089
