lastAccountName: FKritz
timestamps:
  login: 1567432247775
  logout: 1567438033181
  lastteleport: 1567437020994
ipAddress: 0:0:0:0:0:0:0:1
lastlocation:
  world: world
  x: 805.2375000119209
  y: 76.0
  z: -444.4187687116344
  yaw: 18.622833
  pitch: 42.45094
logoutlocation:
  world: world
  x: 785.6084288964687
  y: 55.0
  z: -480.2341131517707
  yaw: 173.42131
  pitch: 24.599718
