lastAccountName: FKritz
timestamps:
  login: 1565973404973
  logout: 1565975320327
  lastteleport: 1565971786058
ipAddress: 0:0:0:0:0:0:0:1
lastlocation:
  world: world
  x: 766.8356457343006
  y: 57.0
  z: -807.4107486228529
  yaw: -208.91423
  pitch: 8.757687
logoutlocation:
  world: world
  x: 773.247429725775
  y: 54.0
  z: -502.72178003848455
  yaw: 224.5686
  pitch: 4.651137
