lastAccountName: FKritz
timestamps:
  login: 1570806759444
  logout: 1570809892756
  lastteleport: 1570807909925
ipAddress: 0:0:0:0:0:0:0:1
lastlocation:
  world: world
  x: 766.3501641663747
  y: 40.0
  z: -499.530428127444
  yaw: -220.9253
  pitch: 33.45097
logoutlocation:
  world: world
  x: 756.2247915043837
  y: 66.0
  z: -420.6143093946869
  yaw: 97.9798
  pitch: 21.599888
money: '1050.0'
