lastAccountName: FKritz
timestamps:
  login: 1567785403231
  logout: 1567787142789
  lastteleport: 1567522779847
ipAddress: 0:0:0:0:0:0:0:1
lastlocation:
  world: world
  x: 786.2289468846617
  y: 66.0
  z: -447.8328969375465
  yaw: 154.0581
  pitch: 17.250946
logoutlocation:
  world: world
  x: 774.031265788913
  y: 66.0
  z: -478.31631178067875
  yaw: 327.04272
  pitch: 13.950151
