lastAccountName: FKritz
timestamps:
  login: 1569768195209
  logout: 1569769723819
  lastteleport: 1569763428197
ipAddress: 0:0:0:0:0:0:0:1
lastlocation:
  world: world
  x: -11313.798624479323
  y: 72.0
  z: -2554.345153657677
  yaw: 189.8518
  pitch: 35.590836
logoutlocation:
  world: world
  x: 769.7742039073258
  y: 66.0
  z: -477.42602633091207
  yaw: 53.28711
  pitch: -0.6001536
