lastAccountName: FKritz
timestamps:
  login: 1568644393144
  logout: 1568645873734
  lastteleport: 1568645825570
ipAddress: 0:0:0:0:0:0:0:1
lastlocation:
  world: world_the_end
  x: 1330.9391086511978
  y: 58.0
  z: -3948.6467632876816
  yaw: 178.551
  pitch: 48.450096
logoutlocation:
  world: world_the_end
  x: 1284.854386698083
  y: 58.0
  z: -4287.475535813933
  yaw: 197.5906
  pitch: 32.30271
