lastAccountName: FKritz
timestamps:
  login: 1568384985423
  logout: 1568385035383
  lastteleport: 1568127936110
ipAddress: 0:0:0:0:0:0:0:1
lastlocation:
  world: world
  x: 991.6631586039042
  y: 7.0
  z: -476.5861441010172
  yaw: 214.40015
  pitch: 18.000275
logoutlocation:
  world: world
  x: 758.1071901175346
  y: 54.0
  z: -464.06155545287976
  yaw: 336.6544
  pitch: 24.000471
