lastAccountName: FKritz
timestamps:
  login: 1569333565086
  logout: 1569339377459
  lastteleport: 1569338798230
ipAddress: 0:0:0:0:0:0:0:1
lastlocation:
  world: world_nether
  x: -203.80834855365254
  y: 51.0
  z: 143.30000001192093
  yaw: 11.019653
  pitch: -22.679506
logoutlocation:
  world: world
  x: 787.546006142611
  y: 54.0
  z: -479.58697520669733
  yaw: 53.41992
  pitch: -13.798988
