lastAccountName: FKritz
timestamps:
  login: 1569507777854
  logout: 1569512325257
  lastteleport: 1569508996981
ipAddress: 0:0:0:0:0:0:0:1
lastlocation:
  world: world
  x: 1235.4619784487395
  y: 77.0
  z: -495.6067624039149
  yaw: -230.33813
  pitch: 30.449942
logoutlocation:
  world: world
  x: 770.094363994544
  y: 55.0
  z: -493.43507811083026
  yaw: -106.38818
  pitch: -8.249836
