lastAccountName: FKritz
timestamps:
  login: 1564851425840
  logout: 1564856272473
ipAddress: 0:0:0:0:0:0:0:1
lastlocation:
  world: world
  x: -10.5
  y: 69.0
  z: 210.5
  yaw: 5.7538004
  pitch: 0.0
logoutlocation:
  world: world
  x: 806.5652915255848
  y: 76.0
  z: -449.4920527366841
  yaw: 152.72302
  pitch: 3.1499996
