lastAccountName: FKritz
timestamps:
  login: 1572102906935
  logout: 1572105602756
  lastteleport: 1570807909925
ipAddress: 0:0:0:0:0:0:0:1
lastlocation:
  world: world
  x: 766.3501641663747
  y: 40.0
  z: -499.530428127444
  yaw: -220.9253
  pitch: 33.45097
logoutlocation:
  world: world
  x: 770.4133326117912
  y: 66.0
  z: -475.55364561905674
  yaw: 115.075195
  pitch: 19.20007
money: '1050.0'
