lastAccountName: FKritz
timestamps:
  login: 1568731151564
  logout: 1568733009056
  lastteleport: 1568731370895
ipAddress: 0:0:0:0:0:0:0:1
lastlocation:
  world: world_the_end
  x: 10671.699999988079
  y: 62.0
  z: -7664.300000011921
  yaw: -172.21637
  pitch: 18.450459
logoutlocation:
  world: world
  x: 805.4378062633157
  y: 69.02442408821369
  z: -430.62868694831303
  yaw: 165.77531
  pitch: 23.701221
