lastAccountName: FKritz
timestamps:
  login: 1569751455296
  logout: 1569752070543
  lastteleport: 1569691925970
ipAddress: 0:0:0:0:0:0:0:1
lastlocation:
  world: world
  x: -11138.722008713356
  y: 82.0
  z: -2145.8809115130116
  yaw: -16.727745
  pitch: 4.0500355
logoutlocation:
  world: world
  x: 768.0883557782191
  y: 40.0
  z: -495.5995483565194
  yaw: 131.59705
  pitch: 11.849701
