lastAccountName: FKritz
timestamps:
  login: 1568900244204
  logout: 1568905468136
  lastteleport: 1568903733296
ipAddress: 0:0:0:0:0:0:0:1
lastlocation:
  world: world
  x: 776.4010917320503
  y: 40.0
  z: -494.69999998807907
  yaw: -1.0653687
  pitch: 28.676445
logoutlocation:
  world: world
  x: 786.3159348953789
  y: 54.0
  z: -479.9100895546433
  yaw: 30.622314
  pitch: 19.351097
