lastAccountName: FKritz
timestamps:
  login: 1566663925756
  logout: 1566671936888
  lastteleport: 1566671130766
ipAddress: 0:0:0:0:0:0:0:1
lastlocation:
  world: world
  x: 806.596385055837
  y: 76.0
  z: -447.9642257442652
  yaw: 51.323425
  pitch: 17.550858
logoutlocation:
  world: world
  x: 786.3620590048843
  y: 54.0
  z: -476.0405451650806
  yaw: 51.758545
  pitch: 3.900715
