lastAccountName: FKritz
timestamps:
  login: 1570717977571
  logout: 1570719924050
  lastteleport: 1570631644737
ipAddress: 0:0:0:0:0:0:0:1
lastlocation:
  world: world
  x: 825.4125369711376
  y: 65.0
  z: -428.16069984176244
  yaw: 164.54028
  pitch: 14.099507
logoutlocation:
  world: world
  x: 770.4699291724429
  y: 66.0
  z: -477.5107539174488
  yaw: 119.386475
  pitch: 50.849903
