lastAccountName: FKritz
timestamps:
  login: 1566312764293
  logout: 1566316666488
  lastteleport: 1566311813846
ipAddress: 0:0:0:0:0:0:0:1
lastlocation:
  world: world
  x: 984.15889066183
  y: 6.0
  z: -474.7614876737378
  yaw: 84.41638
  pitch: 12.300695
logoutlocation:
  world: world
  x: 896.6147928087556
  y: 6.0
  z: -467.7851360091476
  yaw: 15.258554
  pitch: 6.8996515
