lastAccountName: FKritz
timestamps:
  login: 1567003346633
  logout: 1567007504218
  lastteleport: 1567003860367
ipAddress: 0:0:0:0:0:0:0:1
lastlocation:
  world: world
  x: 765.5495753419871
  y: 67.0
  z: -464.0497943343009
  yaw: 213.02014
  pitch: 0.2999557
logoutlocation:
  world: world
  x: 784.3945325077141
  y: 54.0
  z: -476.9493674008774
  yaw: 207.4978
  pitch: -8.099893
