lastAccountName: FKritz
timestamps:
  login: 1566394366966
  logout: 1566399573734
  lastteleport: 1566395679464
ipAddress: 0:0:0:0:0:0:0:1
lastlocation:
  world: world
  x: 773.9695996712346
  y: 65.0
  z: -466.19123359261386
  yaw: -216.3386
  pitch: 58.34997
logoutlocation:
  world: world
  x: 782.1350270020317
  y: 54.0
  z: -495.19651128945486
  yaw: 92.14813
  pitch: 4.350234
