lastAccountName: FKritz
timestamps:
  login: 1568543380663
  logout: 1568555044119
  lastteleport: 1568550977534
ipAddress: 0:0:0:0:0:0:0:1
lastlocation:
  world: world
  x: 687.0915845738535
  y: 77.0
  z: -161.30000001192093
  yaw: -215.39073
  pitch: 10.652526
logoutlocation:
  world: world
  x: 774.5306979984248
  y: 66.0
  z: -472.51249998807907
  yaw: 340.67444
  pitch: 20.700947
