lastAccountName: FKritz
timestamps:
  login: 1570543277365
  logout: 1570547792616
  lastteleport: 1570208998020
ipAddress: 0:0:0:0:0:0:0:1
lastlocation:
  world: world
  x: 934.8899307468527
  y: 35.0
  z: -622.740890895011
  yaw: 352.24048
  pitch: -2.1343584
logoutlocation:
  world: world
  x: 774.3768728540224
  y: 66.0
  z: -474.6604201071498
  yaw: 117.62457
  pitch: 30.449944
