lastAccountName: FKritz
timestamps:
  login: 1566913856412
  logout: 1566920980494
  lastteleport: 1566917065858
ipAddress: 0:0:0:0:0:0:0:1
lastlocation:
  world: world
  x: 806.3405507902273
  y: 76.0
  z: -444.8724725508542
  yaw: 331.24927
  pitch: -1.3487405
logoutlocation:
  world: world
  x: 769.9184960058565
  y: 54.0
  z: -470.22163214621605
  yaw: 145.03271
  pitch: 21.899672
