lastAccountName: FKritz
timestamps:
  login: 1569249793581
  logout: 1569252721020
  lastteleport: 1569250492198
ipAddress: 0:0:0:0:0:0:0:1
lastlocation:
  world: world
  x: 753.232816598322
  y: 35.0
  z: -497.59899291390917
  yaw: -242.82343
  pitch: 12.299102
logoutlocation:
  world: world
  x: 786.4272772127779
  y: 54.0
  z: -481.05785191535557
  yaw: 329.7127
  pitch: 5.699939
