lastAccountName: FKritz
timestamps:
  login: 1567788694248
  logout: 1567792273768
  lastteleport: 1567789552083
ipAddress: 0:0:0:0:0:0:0:1
lastlocation:
  world: world
  x: 806.3000000119209
  y: 64.0
  z: -583.4408125432462
  yaw: 215.72705
  pitch: 6.15037
logoutlocation:
  world: world
  x: 778.2989763181262
  y: 66.0
  z: -476.10518657850207
  yaw: 318.22583
  pitch: 6.1510215
