lastAccountName: FKritz
timestamps:
  login: 1567438653955
  logout: 1567438823040
  lastteleport: 1567437020994
ipAddress: 0:0:0:0:0:0:0:1
lastlocation:
  world: world
  x: 805.2375000119209
  y: 76.0
  z: -444.4187687116344
  yaw: 18.622833
  pitch: 42.45094
logoutlocation:
  world: world
  x: 787.3473280300435
  y: 54.0
  z: -466.3035123541889
  yaw: 59.26526
  pitch: 7.7997427
