lastAccountName: FKritz
timestamps:
  login: 1570113697310
  logout: 1570115160375
  lastteleport: 1569855381769
ipAddress: 0:0:0:0:0:0:0:1
lastlocation:
  world: world
  x: 768.627895963082
  y: 54.0
  z: -487.6664034242288
  yaw: -39.858852
  pitch: -1.1999238
logoutlocation:
  world: world
  x: 766.8625000119209
  y: 67.0
  z: -478.69999998807907
  yaw: 316.67368
  pitch: 19.800896
