lastAccountName: FKritz
timestamps:
  login: 1570207002974
  logout: 1570210459241
  lastteleport: 1570208998020
ipAddress: 0:0:0:0:0:0:0:1
lastlocation:
  world: world
  x: 934.8899307468527
  y: 35.0
  z: -622.740890895011
  yaw: 352.24048
  pitch: -2.1343584
logoutlocation:
  world: world
  x: 780.695474844634
  y: 54.875
  z: -474.7927886636401
  yaw: 115.7041
  pitch: -18.15
