lastAccountName: FKritz
timestamps:
  login: 1568645967759
  logout: 1568649463170
  lastteleport: 1568648916247
ipAddress: 0:0:0:0:0:0:0:1
lastlocation:
  world: world_the_end
  x: 10706.470924238016
  y: 138.0
  z: -7653.540574691696
  yaw: 214.38782
  pitch: 18.29983
logoutlocation:
  world: world_the_end
  x: 10667.234214301565
  y: 62.0
  z: -7664.811413381709
  yaw: -178.67163
  pitch: 51.600315
