lastAccountName: FKritz
timestamps:
  login: 1569080785728
  logout: 1569083559077
  lastteleport: 1568903733296
ipAddress: 0:0:0:0:0:0:0:1
lastlocation:
  world: world
  x: 776.4010917320503
  y: 40.0
  z: -494.69999998807907
  yaw: -1.0653687
  pitch: 28.676445
logoutlocation:
  world: world
  x: 782.2988995661539
  y: 54.0
  z: -484.17505850617573
  yaw: 36.841736
  pitch: 16.650045
