lastAccountName: FKritz
timestamps:
  login: 1567520297479
  logout: 1567525190137
  lastteleport: 1567522779847
ipAddress: 0:0:0:0:0:0:0:1
lastlocation:
  world: world
  x: 786.2289468846617
  y: 66.0
  z: -447.8328969375465
  yaw: 154.0581
  pitch: 17.250946
logoutlocation:
  world: world
  x: 806.1364790044036
  y: 76.0
  z: -444.2009904250415
  yaw: 18.335161
  pitch: 35.550045
