lastAccountName: FKritz
timestamps:
  login: 1570351504175
  logout: 1570358633063
  lastteleport: 1570208998020
ipAddress: 0:0:0:0:0:0:0:1
lastlocation:
  world: world
  x: 934.8899307468527
  y: 35.0
  z: -622.740890895011
  yaw: 352.24048
  pitch: -2.1343584
logoutlocation:
  world: world
  x: 768.757378460174
  y: 66.5625
  z: -475.8024602309822
  yaw: 295.2162
  pitch: 27.149927
