lastAccountName: FKritz
timestamps:
  login: 1572178166242
  logout: 1572179209445
  lastteleport: 1570807909925
ipAddress: 0:0:0:0:0:0:0:1
lastlocation:
  world: world
  x: 766.3501641663747
  y: 40.0
  z: -499.530428127444
  yaw: -220.9253
  pitch: 33.45097
logoutlocation:
  world: world
  x: 781.6412484885432
  y: 54.0
  z: -475.46488844795255
  yaw: 143.27087
  pitch: 19.20018
money: '1050.0'
