lastAccountName: FKritz
timestamps:
  login: 1564920225282
  logout: 1564932772275
  lastteleport: 1564930406760
ipAddress: 0:0:0:0:0:0:0:1
lastlocation:
  world: world
  x: 817.2081796248241
  y: 71.0
  z: -377.69999998807907
  yaw: 277.4781
  pitch: 15.873583
logoutlocation:
  world: world
  x: 809.4639187799158
  y: 68.0
  z: -445.53454628964835
  yaw: 358.29834
  pitch: 16.799969
