lastAccountName: FKritz
timestamps:
  login: 1567867172293
  logout: 1567871672608
  lastteleport: 1567871002432
ipAddress: 0:0:0:0:0:0:0:1
lastlocation:
  world: world
  x: 769.718595341362
  y: 65.0
  z: -465.233446750813
  yaw: 349.69556
  pitch: 13.977063
logoutlocation:
  world: world
  x: 767.7880058520062
  y: 71.0
  z: -476.37734099662214
  yaw: -54.31244
  pitch: 16.840193
