lastAccountName: FKritz
timestamps:
  login: 1568123944789
  logout: 1568130489427
  lastteleport: 1568127936110
ipAddress: 0:0:0:0:0:0:0:1
lastlocation:
  world: world
  x: 991.6631586039042
  y: 7.0
  z: -476.5861441010172
  yaw: 214.40015
  pitch: 18.000275
logoutlocation:
  world: world
  x: 774.682584293382
  y: 66.0
  z: -474.4208602244255
  yaw: 283.22705
  pitch: -6.898919
