lastAccountName: FKritz
timestamps:
  login: 1569505399869
  logout: 1569506662959
  lastteleport: 1569425611999
ipAddress: 0:0:0:0:0:0:0:1
lastlocation:
  world: world
  x: 730.3171015176359
  y: 76.0
  z: -193.92500001192093
  yaw: 238.82718
  pitch: 25.522585
logoutlocation:
  world: world
  x: 806.3312058347342
  y: 76.0
  z: -443.9671052867536
  yaw: 327.37106
  pitch: 19.799803
