lastAccountName: FKritz
timestamps:
  login: 1568296642549
  logout: 1568299733031
  lastteleport: 1568127936110
ipAddress: 0:0:0:0:0:0:0:1
lastlocation:
  world: world
  x: 991.6631586039042
  y: 7.0
  z: -476.5861441010172
  yaw: 214.40015
  pitch: 18.000275
logoutlocation:
  world: world
  x: 770.0757303939288
  y: 66.0
  z: -476.7908225408832
  yaw: 39.652832
  pitch: 22.200338
