lastAccountName: FKritz
timestamps:
  login: 1570113282012
  logout: 1570113356027
  lastteleport: 1569855381769
ipAddress: 0:0:0:0:0:0:0:1
lastlocation:
  world: world
  x: 768.627895963082
  y: 54.0
  z: -487.6664034242288
  yaw: -39.858852
  pitch: -1.1999238
logoutlocation:
  world: world
  x: 784.9776149792691
  y: 55.0
  z: -479.86413981359635
  yaw: 4.222185
  pitch: 25.649994
