lastAccountName: FKritz
timestamps:
  login: 1566580509482
  logout: 1566582126066
  lastteleport: 1566575474391
ipAddress: 0:0:0:0:0:0:0:1
lastlocation:
  world: world
  x: 786.5054464679368
  y: 54.0
  z: -483.21883772168906
  yaw: 11.876221
  pitch: 35.550888
logoutlocation:
  world: world
  x: 903.2233442745287
  y: 6.0
  z: -456.2393868388897
  yaw: 261.7868
  pitch: 20.550308
