lastAccountName: FKritz
timestamps:
  login: 1569420928698
  logout: 1569425720376
  lastteleport: 1569425611999
ipAddress: 0:0:0:0:0:0:0:1
lastlocation:
  world: world
  x: 730.3171015176359
  y: 76.0
  z: -193.92500001192093
  yaw: 238.82718
  pitch: 25.522585
logoutlocation:
  world: world
  x: 788.2497761668276
  y: 54.0
  z: -481.90803264136383
  yaw: 271.56866
  pitch: 2.6353688
