lastAccountName: FKritz
timestamps:
  login: 1569679964201
  logout: 1569692036998
  lastteleport: 1569691925970
ipAddress: 0:0:0:0:0:0:0:1
lastlocation:
  world: world
  x: -11138.722008713356
  y: 82.0
  z: -2145.8809115130116
  yaw: -16.727745
  pitch: 4.0500355
logoutlocation:
  world: world
  x: 770.0451018441624
  y: 66.0
  z: -478.16191284153615
  yaw: -332.21085
  pitch: -1.049983
