lastAccountName: FKritz
timestamps:
  login: 1567177553797
  logout: 1567185266648
  lastteleport: 1567184936236
ipAddress: 0:0:0:0:0:0:0:1
lastlocation:
  world: world
  x: 905.7589105679855
  y: 6.0
  z: -468.303754361069
  yaw: 315.90527
  pitch: 13.39991
logoutlocation:
  world: world
  x: 785.1114697858784
  y: 54.0
  z: -481.22635530416636
  yaw: 130.45137
  pitch: 17.79394
