lastAccountName: FKritz
timestamps:
  login: 1567991024872
  logout: 1568001566618
  lastteleport: 1567989026693
ipAddress: 0:0:0:0:0:0:0:1
lastlocation:
  world: world
  x: 780.972239924333
  y: 54.0
  z: -478.11465645522685
  yaw: 104.720215
  pitch: 6.7501054
logoutlocation:
  world: world
  x: 769.398596781335
  y: 66.0
  z: -475.0784223037443
  yaw: 127.410645
  pitch: 28.050194
