lastAccountName: FKritz
timestamps:
  login: 1569854234954
  logout: 1569855756380
  lastteleport: 1569855381769
ipAddress: 0:0:0:0:0:0:0:1
lastlocation:
  world: world
  x: 768.627895963082
  y: 54.0
  z: -487.6664034242288
  yaw: -39.858852
  pitch: -1.1999238
logoutlocation:
  world: world
  x: -901.2558786274851
  y: 68.0
  z: -866.2903512003252
  yaw: -65.614136
  pitch: -0.30004072
