lastAccountName: FKritz
timestamps:
  login: 1567949501499
  logout: 1567955151199
  lastteleport: 1567871002432
ipAddress: 0:0:0:0:0:0:0:1
lastlocation:
  world: world
  x: 769.718595341362
  y: 65.0
  z: -465.233446750813
  yaw: 349.69556
  pitch: 13.977063
logoutlocation:
  world: world
  x: 774.4776635499469
  y: 66.0
  z: -476.8480446719938
  yaw: 185.68042
  pitch: -27.5998
