lastAccountName: FKritz
timestamps:
  login: 1567697382486
  logout: 1567698482584
  lastteleport: 1567522779847
ipAddress: 0:0:0:0:0:0:0:1
lastlocation:
  world: world
  x: 786.2289468846617
  y: 66.0
  z: -447.8328969375465
  yaw: 154.0581
  pitch: 17.250946
logoutlocation:
  world: world
  x: 774.3824399050493
  y: 66.0
  z: -478.23859555868194
  yaw: -281.87866
  pitch: 15.300071
