lastAccountName: FKritz
timestamps:
  login: 1566053487964
  logout: 1566062095409
  lastteleport: 1566059616194
ipAddress: 0:0:0:0:0:0:0:1
lastlocation:
  world: world
  x: 806.5630697678351
  y: 76.0
  z: -445.55310140361803
  yaw: 207.92346
  pitch: 11.400793
logoutlocation:
  world: world
  x: 764.5987995748391
  y: 54.0
  z: -492.92961739322686
  yaw: 312.87842
  pitch: 21.751556
