lastAccountName: FKritz
timestamps:
  login: 1566124162228
  logout: 1566129605743
  lastteleport: 1566123757529
ipAddress: 0:0:0:0:0:0:0:1
lastlocation:
  world: world
  x: 787.7419499737587
  y: 54.0
  z: -466.2589407500595
  yaw: 140.216
  pitch: 11.364279
logoutlocation:
  world: world
  x: 785.9929678392558
  y: 54.0
  z: -482.10940774295744
  yaw: 37.057373
  pitch: 15.599752
