lastAccountName: FKritz
timestamps:
  login: 1568555168015
  logout: 1568562975913
  lastteleport: 1568561510612
ipAddress: 0:0:0:0:0:0:0:1
lastlocation:
  world: world_the_end
  x: 1152.6446184346082
  y: 59.0
  z: -3352.9062926656643
  yaw: 179.29736
  pitch: 62.816963
logoutlocation:
  world: world
  x: 781.6901536350167
  y: 54.0
  z: -475.4087831342865
  yaw: 52.53009
  pitch: 14.850836
