lastAccountName: FKritz
timestamps:
  login: 1566572061426
  logout: 1566573782312
  lastteleport: 1566400824826
ipAddress: 0:0:0:0:0:0:0:1
lastlocation:
  world: world
  x: 790.730893796017
  y: 66.0625
  z: -469.97049172712116
  yaw: -109.50799
  pitch: 9.749871
logoutlocation:
  world: world
  x: 951.3232882091585
  y: 6.0
  z: -495.37109230041506
  yaw: 87.78674
  pitch: 21.299685
