lastAccountName: FKritz
timestamps:
  login: 1568816266778
  logout: 1568819660304
  lastteleport: 1568731370895
ipAddress: 0:0:0:0:0:0:0:1
lastlocation:
  world: world_the_end
  x: 10671.699999988079
  y: 62.0
  z: -7664.300000011921
  yaw: -172.21637
  pitch: 18.450459
logoutlocation:
  world: world
  x: 790.6999999880791
  y: 54.875
  z: -480.40801667533367
  yaw: 58.75464
  pitch: 17.269844
