lastAccountName: FKritz
timestamps:
  login: 1569761707755
  logout: 1569765674470
  lastteleport: 1569763428197
ipAddress: 0:0:0:0:0:0:0:1
lastlocation:
  world: world
  x: -11313.798624479323
  y: 72.0
  z: -2554.345153657677
  yaw: 189.8518
  pitch: 35.590836
logoutlocation:
  world: world
  x: 780.8473181023438
  y: 54.0
  z: -483.7919723199868
  yaw: 21.924194
  pitch: 18.451204
