lastAccountName: FKritz
timestamps:
  login: 1567988492942
  logout: 1567990818757
  lastteleport: 1567989026693
ipAddress: 0:0:0:0:0:0:0:1
lastlocation:
  world: world
  x: 780.972239924333
  y: 54.0
  z: -478.11465645522685
  yaw: 104.720215
  pitch: 6.7501054
logoutlocation:
  world: world
  x: 787.2508466518565
  y: 54.0
  z: -463.43722922981163
  yaw: 97.220215
  pitch: 5.6998596
