lastAccountName: FKritz
timestamps:
  login: 1569939531135
  logout: 1569939960476
  lastteleport: 1569855381769
ipAddress: 0:0:0:0:0:0:0:1
lastlocation:
  world: world
  x: 768.627895963082
  y: 54.0
  z: -487.6664034242288
  yaw: -39.858852
  pitch: -1.1999238
logoutlocation:
  world: world
  x: 787.4888418301686
  y: 68.0
  z: -410.63348648490575
  yaw: 116.27121
  pitch: 28.500114
