lastAccountName: FKritz
timestamps:
  login: 1566487402415
  logout: 1566489547605
  lastteleport: 1566400824826
ipAddress: 0:0:0:0:0:0:0:1
lastlocation:
  world: world
  x: 790.730893796017
  y: 66.0625
  z: -469.97049172712116
  yaw: -109.50799
  pitch: 9.749871
logoutlocation:
  world: world
  x: 776.0904467848165
  y: 54.0
  z: -475.06640906312674
  yaw: 229.82411
  pitch: -0.45009133
