lastAccountName: FKritz
timestamps:
  login: 1566225836986
  logout: 1566229961204
  lastteleport: 1566224810702
ipAddress: 0:0:0:0:0:0:0:1
lastlocation:
  world: world
  x: 777.8569072832256
  y: 56.5
  z: -479.5386644918008
  yaw: 88.68282
  pitch: -7.650245
logoutlocation:
  world: world
  x: 760.9981808109402
  y: 54.0
  z: -484.94536847499836
  yaw: 139.75078
  pitch: 28.650038
