lastAccountName: FKritz
timestamps:
  login: 1569163645499
  logout: 1569164066779
  lastteleport: 1568903733296
ipAddress: 0:0:0:0:0:0:0:1
lastlocation:
  world: world
  x: 776.4010917320503
  y: 40.0
  z: -494.69999998807907
  yaw: -1.0653687
  pitch: 28.676445
logoutlocation:
  world: world
  x: -7280.955033579429
  y: 63.0
  z: -1074.2269075556344
  yaw: 16.47975
  pitch: 72.95771
