lastAccountName: FKritz
timestamps:
  login: 1566825811676
  logout: 1566833494114
  lastteleport: 1566832712952
ipAddress: 0:0:0:0:0:0:0:1
lastlocation:
  world: world
  x: 764.6999999880791
  y: 51.0
  z: -501.69999998807907
  yaw: -57.857544
  pitch: -32.69999
logoutlocation:
  world: world
  x: 765.6534154033744
  y: 54.0
  z: -472.54185814690567
  yaw: -285.83142
  pitch: 16.3497
