lastAccountName: FKritz
timestamps:
  login: 1567604605223
  logout: 1567612208136
  lastteleport: 1567522779847
ipAddress: 0:0:0:0:0:0:0:1
lastlocation:
  world: world
  x: 786.2289468846617
  y: 66.0
  z: -447.8328969375465
  yaw: 154.0581
  pitch: 17.250946
logoutlocation:
  world: world
  x: 774.6786902907862
  y: 66.0
  z: -477.55047404317986
  yaw: 115.17139
  pitch: 11.399991
