lastAccountName: FKritz
timestamps:
  login: 1566310332508
  logout: 1566312667301
  lastteleport: 1566311813846
ipAddress: 0:0:0:0:0:0:0:1
lastlocation:
  world: world
  x: 984.15889066183
  y: 6.0
  z: -474.7614876737378
  yaw: 84.41638
  pitch: 12.300695
logoutlocation:
  world: world
  x: 931.6390385027386
  y: 6.0
  z: -474.9926108118602
  yaw: 218.5509
  pitch: 16.499903
