lastAccountName: FKritz
timestamps:
  login: 1568019392982
  logout: 1568019684271
  lastteleport: 1567989026693
ipAddress: 0:0:0:0:0:0:0:1
lastlocation:
  world: world
  x: 780.972239924333
  y: 54.0
  z: -478.11465645522685
  yaw: 104.720215
  pitch: 6.7501054
logoutlocation:
  world: world
  x: 821.873241713345
  y: 67.0
  z: -403.63102211321495
  yaw: 83.32471
  pitch: 24.300303
