lastAccountName: FKritz
timestamps:
  login: 1567259429792
  logout: 1567261242191
  lastteleport: 1567184936236
ipAddress: 0:0:0:0:0:0:0:1
lastlocation:
  world: world
  x: 905.7589105679855
  y: 6.0
  z: -468.303754361069
  yaw: 315.90527
  pitch: 13.39991
logoutlocation:
  world: world
  x: 784.0955022166232
  y: 54.0
  z: -481.0987536622815
  yaw: 221.74316
  pitch: 22.499886
