lastAccountName: FKritz
timestamps:
  login: 1566823857397
  logout: 1566824483903
  lastteleport: 1566746409067
ipAddress: 0:0:0:0:0:0:0:1
lastlocation:
  world: world
  x: -6.4456741849094765
  y: 69.0
  z: 216.26515229293813
  yaw: -72.60432
  pitch: 8.724001
logoutlocation:
  world: world
  x: 916.9487392497626
  y: 6.0
  z: -454.81496870038836
  yaw: 189.01703
  pitch: 0.7502353
