lastAccountName: FKritz
timestamps:
  login: 1569083706995
  logout: 1569085347507
  lastteleport: 1568903733296
ipAddress: 0:0:0:0:0:0:0:1
lastlocation:
  world: world
  x: 776.4010917320503
  y: 40.0
  z: -494.69999998807907
  yaw: -1.0653687
  pitch: 28.676445
logoutlocation:
  world: world
  x: 788.2356294267288
  y: 54.0
  z: -477.1941233986761
  yaw: -176.45801
  pitch: 14.549564
