lastAccountName: FKritz
timestamps:
  login: 1567336470970
  logout: 1567348269291
  lastteleport: 1567348255042
ipAddress: 0:0:0:0:0:0:0:1
lastlocation:
  world: world
  x: -6.522162666112764
  y: 69.0
  z: 216.49192257676276
  yaw: -120.90422
  pitch: 23.424
logoutlocation:
  world: world
  x: -928.3627156880459
  y: 68.92159999847412
  z: -919.1952733987024
  yaw: 235.82703
  pitch: 16.231272
