lastAccountName: FKritz
timestamps:
  login: 1567264205715
  logout: 1567270116910
  lastteleport: 1567266298893
ipAddress: 0:0:0:0:0:0:0:1
lastlocation:
  world: world
  x: 754.7140255680871
  y: 71.5625
  z: -267.71439929948644
  yaw: 58.0461
  pitch: 3.0922573
logoutlocation:
  world: world
  x: 790.5055130544064
  y: 54.875
  z: -464.03460825048
  yaw: 105.47292
  pitch: 18.600813
