lastAccountName: FKritz
timestamps:
  login: 1569603214627
  logout: 1569605574629
  lastteleport: 1569596905302
ipAddress: 0:0:0:0:0:0:0:1
lastlocation:
  world: world
  x: 806.6035292152902
  y: 76.0
  z: -444.6748584116778
  yaw: -279.39038
  pitch: 29.699907
logoutlocation:
  world: world
  x: 768.0772440195931
  y: 66.5625
  z: -476.5403923766043
  yaw: 354.50537
  pitch: 14.850109
