lastAccountName: FKritz
timestamps:
  login: 1570287561590
  logout: 1570288138530
  lastteleport: 1570208998020
ipAddress: 0:0:0:0:0:0:0:1
lastlocation:
  world: world
  x: 934.8899307468527
  y: 35.0
  z: -622.740890895011
  yaw: 352.24048
  pitch: -2.1343584
logoutlocation:
  world: world
  x: 772.6454910253536
  y: 66.0
  z: -475.5110649521252
  yaw: 87.63013
  pitch: 16.349943
