lastAccountName: FKritz
timestamps:
  login: 1569940025926
  logout: 1569941982920
  lastteleport: 1569855381769
ipAddress: 0:0:0:0:0:0:0:1
lastlocation:
  world: world
  x: 768.627895963082
  y: 54.0
  z: -487.6664034242288
  yaw: -39.858852
  pitch: -1.1999238
logoutlocation:
  world: world
  x: 784.3869216658248
  y: 54.875
  z: -484.45477648327056
  yaw: -0.8777771
  pitch: 33.599876
