lastAccountName: FKritz
timestamps:
  login: 1566737500728
  logout: 1566747833830
  lastteleport: 1566746409067
ipAddress: 0:0:0:0:0:0:0:1
lastlocation:
  world: world
  x: -6.4456741849094765
  y: 69.0
  z: 216.26515229293813
  yaw: -72.60432
  pitch: 8.724001
logoutlocation:
  world: world
  x: 787.7464751180431
  y: 54.0
  z: -473.63312519369634
  yaw: 37.54126
  pitch: 15.900207
