lastAccountName: FKritz
timestamps:
  login: 1566123248244
  logout: 1566124073020
  lastteleport: 1566123757529
ipAddress: 0:0:0:0:0:0:0:1
lastlocation:
  world: world
  x: 787.7419499737587
  y: 54.0
  z: -466.2589407500595
  yaw: 140.216
  pitch: 11.364279
logoutlocation:
  world: world
  x: -650.8264989359675
  y: 16.0
  z: -485.5358625451585
  yaw: 177.93225
  pitch: 5.941887
