lastAccountName: FKritz
timestamps:
  login: 1566713064679
  logout: 1566722251784
  lastteleport: 1566721509877
ipAddress: 0:0:0:0:0:0:0:1
lastlocation:
  world: world
  x: 769.10900844343
  y: 55.0
  z: -471.59652655323475
  yaw: 271.47217
  pitch: 4.4999685
logoutlocation:
  world: world
  x: 783.7493549500045
  y: 54.0
  z: -481.26711296398474
  yaw: 243.9259
  pitch: 6.4501157
