lastAccountName: FKritz
timestamps:
  login: 1566724607543
  logout: 1566727210572
  lastteleport: 1566725504602
ipAddress: 0:0:0:0:0:0:0:1
lastlocation:
  world: world
  x: 758.2792345943758
  y: 46.0
  z: -496.9567305506621
  yaw: 140.573
  pitch: -17.098974
logoutlocation:
  world: world
  x: 781.0222298521838
  y: 54.0
  z: -472.2225575954984
  yaw: 117.75122
  pitch: 18.600153
