lastAccountName: FKritz
timestamps:
  login: 1566224061179
  logout: 1566225649089
  lastteleport: 1566224810702
ipAddress: 0:0:0:0:0:0:0:1
lastlocation:
  world: world
  x: 777.8569072832256
  y: 56.5
  z: -479.5386644918008
  yaw: 88.68282
  pitch: -7.650245
logoutlocation:
  world: world
  x: 668.198712430598
  y: 67.0
  z: -931.44350309173
  yaw: 352.14996
  pitch: 16.04991
