lastAccountName: FKritz
timestamps:
  login: 1567349473969
  logout: 1567353610185
  lastteleport: 1567349160286
ipAddress: 0:0:0:0:0:0:0:1
lastlocation:
  world: world
  x: 795.4603016469443
  y: 68.0
  z: -434.26555938107083
  yaw: 174.47302
  pitch: 8.100828
logoutlocation:
  world: world
  x: 893.7105648865513
  y: 6.0
  z: -468.848690496265
  yaw: 175.81183
  pitch: 14.250931
