lastAccountName: jicoboy
timestamps:
  login: 1564320498730
  lastteleport: 1564306334047
  logout: 1564322587582
ipAddress: 0:0:0:0:0:0:0:1
lastlocation:
  world: world
  x: 765.1903154561808
  y: 68.0
  z: -388.61872964147886
  yaw: 185.57983
  pitch: 26.91541
logoutlocation:
  world: world
  x: 1076.021769009033
  y: 64.1875
  z: -517.9193427935991
  yaw: -233.56757
  pitch: 21.150152
