lastAccountName: jicoboy
timestamps:
  login: 1564757434118
  lastteleport: 1564758739095
  logout: 1564759367308
ipAddress: 0:0:0:0:0:0:0:1
lastlocation:
  world: world
  x: 1078.169327251424
  y: 64.0
  z: -517.4050944482817
  yaw: 247.92642
  pitch: 32.85013
logoutlocation:
  world: world
  x: 1078.9373464536552
  y: 63.9375
  z: -518.2018915856694
  yaw: 339.7052
  pitch: 33.599472
