lastAccountName: jicoboy
timestamps:
  login: 1564830196723
  lastteleport: 1564834925122
  logout: 1564835505433
ipAddress: 0:0:0:0:0:0:0:1
lastlocation:
  world: world
  x: 1077.7556726501548
  y: 64.0
  z: -517.6449547021946
  yaw: -69.31958
  pitch: 22.650146
logoutlocation:
  world: world
  x: 1080.6091479925028
  y: 58.0
  z: -508.69999998807907
  yaw: 179.81061
  pitch: -29.549334
