lastAccountName: Viggle888
timestamps:
  login: 1563717105892
  logout: 1563720552123
ipAddress: 0:0:0:0:0:0:0:1
lastlocation:
  world: world
  x: -14.5
  y: 66.0
  z: 225.5
  yaw: 4.1276464
  pitch: 0.0
logoutlocation:
  world: world
  x: 656.7274166780065
  y: 73.0
  z: 133.84628641952517
  yaw: -91.04834
  pitch: 2.3727305
