lastAccountName: renzosy
timestamps:
  login: 1564232712602
  logout: 1564233373683
  lastteleport: 1564072578224
ipAddress: 0:0:0:0:0:0:0:1
lastlocation:
  world: world
  x: 436.69999998807907
  y: 63.03584062504456
  z: 335.9348885246019
  yaw: 200.18999
  pitch: 17.86701
logoutlocation:
  world: world
  x: 422.97395600503535
  y: 72.0
  z: 292.71629889849584
  yaw: 3.8308716
  pitch: 12.655955
money: '5212.03'
afk: false
