lastAccountName: renzosy
timestamps:
  login: 1566138935766
  logout: 1566142121856
  lastteleport: 1566141520809
ipAddress: 127.0.0.1
lastlocation:
  world: world
  x: 425.30000001192093
  y: 59.0
  z: 313.51249998807907
  yaw: -97.9693
  pitch: 28.49071
logoutlocation:
  world: world
  x: 424.76249998807907
  y: 73.0
  z: 299.69999998807907
  yaw: -171.72282
  pitch: 24.86433
money: '201.25'
afk: false
