lastAccountName: renzosy
timestamps:
  login: 1564406373813
  logout: 1564410814830
  lastteleport: 1564404694715
ipAddress: 0:0:0:0:0:0:0:1
lastlocation:
  world: world
  x: 359.86869283026397
  y: 63.0
  z: 1586.1845493842623
  yaw: 49.350708
  pitch: 22.219362
logoutlocation:
  world: world
  x: 422.7289847871784
  y: 72.0
  z: 292.7808192977793
  yaw: -332.76453
  pitch: 23.455318
money: '201.25'
afk: false
