lastAccountName: renzosy
timestamps:
  login: 1565704893957
  logout: 1565705152418
  lastteleport: 1565702645518
ipAddress: 0:0:0:0:0:0:0:1
lastlocation:
  world: world
  x: 428.4764136512421
  y: 66.0
  z: 300.1525099469779
  yaw: 192.58452
  pitch: 2.5426903
logoutlocation:
  world: world
  x: 434.69999998807907
  y: 69.0
  z: 331.4760887916425
  yaw: 179.83325
  pitch: 27.595016
money: '201.25'
afk: false
