lastAccountName: RimuroTempest
timestamps:
  login: 1568019728363
  lastteleport: 1567936260655
  logout: 1568019855219
ipAddress: 0:0:0:0:0:0:0:1
lastlocation:
  world: world
  x: -930.9541720040446
  y: 73.0
  z: -942.4989349231402
  yaw: -109.2843
  pitch: 9.75
logoutlocation:
  world: world
  x: -915.5430921742762
  y: 68.0
  z: -868.8679585158793
  yaw: -285.22815
  pitch: 30.74985
