lastAccountName: RimuroTempest
timestamps:
  login: 1568077164903
  lastteleport: 1567936260655
  logout: 1568077435641
ipAddress: 0:0:0:0:0:0:0:1
lastlocation:
  world: world
  x: -930.9541720040446
  y: 73.0
  z: -942.4989349231402
  yaw: -109.2843
  pitch: 9.75
logoutlocation:
  world: world
  x: -925.6143787163945
  y: 68.0
  z: -868.3000000119209
  yaw: -105.07843
  pitch: 18.149878
