lastAccountName: RimuroTempest
timestamps:
  login: 1568488819466
  lastteleport: 1567936260655
  logout: 1568488989056
ipAddress: 0:0:0:0:0:0:0:1
lastlocation:
  world: world
  x: -930.9541720040446
  y: 73.0
  z: -942.4989349231402
  yaw: -109.2843
  pitch: 9.75
logoutlocation:
  world: world
  x: -918.1424568138216
  y: 77.0
  z: -955.4996772215159
  yaw: 225.36713
  pitch: 27.450035
