lastAccountName: RimuroTempest
timestamps:
  login: 1567871734687
  lastteleport: 1567348066091
  logout: 1567879637447
ipAddress: 0:0:0:0:0:0:0:1
lastlocation:
  world: world
  x: -6.4456741849094765
  y: 69.0
  z: 216.26515229293813
  yaw: -179.8543
  pitch: 1.0739887
logoutlocation:
  world: world
  x: -927.0738677640984
  y: 72.0
  z: -954.2430465048446
  yaw: -252.83487
  pitch: 33.149975
