lastAccountName: RimuroTempest
timestamps:
  login: 1568537157955
  lastteleport: 1567936260655
  logout: 1568540767069
ipAddress: 0:0:0:0:0:0:0:1
lastlocation:
  world: world
  x: -930.9541720040446
  y: 73.0
  z: -942.4989349231402
  yaw: -109.2843
  pitch: 9.75
logoutlocation:
  world: world
  x: -928.3470444235211
  y: 73.0
  z: -950.3548379979654
  yaw: 134.9164
  pitch: 20.400036
