lastAccountName: RimuroTempest
timestamps:
  login: 1569762986321
  lastteleport: 1568562583712
  logout: 1569763041520
ipAddress: 0:0:0:0:0:0:0:1
lastlocation:
  world: world
  x: -928.809245626463
  y: 73.0625
  z: -950.0129503997136
  yaw: 206.01486
  pitch: 17.999992
logoutlocation:
  world: world
  x: -906.0484574149675
  y: 68.8500000178814
  z: -870.9034732398294
  yaw: 342.27505
  pitch: 13.050058
