lastAccountName: RimuroTempest
timestamps:
  login: 1567341277198
  lastteleport: 1567348066091
  logout: 1567348269284
ipAddress: 0:0:0:0:0:0:0:1
lastlocation:
  world: world
  x: -6.4456741849094765
  y: 69.0
  z: 216.26515229293813
  yaw: -179.8543
  pitch: 1.0739887
logoutlocation:
  world: world
  x: -6.343446959232145
  y: 69.0
  z: 213.8699051645072
  yaw: -357.45404
  pitch: -4.626011
