lastAccountName: RimuroTempest
timestamps:
  login: 1567583517305
  lastteleport: 1567348066091
  logout: 1567584340512
ipAddress: 0:0:0:0:0:0:0:1
lastlocation:
  world: world
  x: -6.4456741849094765
  y: 69.0
  z: 216.26515229293813
  yaw: -179.8543
  pitch: 1.0739887
logoutlocation:
  world: world
  x: -927.6087542627021
  y: 72.0
  z: -949.3392272045509
  yaw: -241.44238
  pitch: 13.199831
