lastAccountName: RimuroTempest
timestamps:
  login: 1568553859001
  lastteleport: 1567936260655
  logout: 1568554977445
ipAddress: 0:0:0:0:0:0:0:1
lastlocation:
  world: world
  x: -930.9541720040446
  y: 73.0
  z: -942.4989349231402
  yaw: -109.2843
  pitch: 9.75
logoutlocation:
  world: world
  x: -947.0467885194743
  y: 70.0
  z: -881.8387566915513
  yaw: -276.79956
  pitch: 11.254743
