lastAccountName: RimuroTempest
timestamps:
  login: 1567581538404
  lastteleport: 1567348066091
  logout: 1567583154878
ipAddress: 0:0:0:0:0:0:0:1
lastlocation:
  world: world
  x: -6.4456741849094765
  y: 69.0
  z: 216.26515229293813
  yaw: -179.8543
  pitch: 1.0739887
logoutlocation:
  world: world
  x: -924.9263002481559
  y: 70.7531999805212
  z: -937.9264150948441
  yaw: -188.99709
  pitch: 6.150114
