lastAccountName: RimuroTempest
timestamps:
  login: 1568019091764
  lastteleport: 1567936260655
  logout: 1568019684235
ipAddress: 0:0:0:0:0:0:0:1
lastlocation:
  world: world
  x: -930.9541720040446
  y: 73.0
  z: -942.4989349231402
  yaw: -109.2843
  pitch: 9.75
logoutlocation:
  world: world
  x: -912.7644867217743
  y: 70.0
  z: -870.7959544842078
  yaw: -240.68188
  pitch: 61.49988
