lastAccountName: RimuroTempest
timestamps:
  login: 1567822268594
  lastteleport: 1567348066091
  logout: 1567826364765
ipAddress: 0:0:0:0:0:0:0:1
lastlocation:
  world: world
  x: -6.4456741849094765
  y: 69.0
  z: 216.26515229293813
  yaw: -179.8543
  pitch: 1.0739887
logoutlocation:
  world: world
  x: -906.3310843835336
  y: 72.0
  z: -945.3627986174223
  yaw: 278.01413
  pitch: 28.3503
