lastAccountName: RimuroTempest
timestamps:
  login: 1568465074542
  lastteleport: 1567936260655
  logout: 1568465114917
ipAddress: 0:0:0:0:0:0:0:1
lastlocation:
  world: world
  x: -930.9541720040446
  y: 73.0
  z: -942.4989349231402
  yaw: -109.2843
  pitch: 9.75
logoutlocation:
  world: world
  x: -930.2305991989775
  y: 68.49520087700593
  z: -871.3000000119209
  yaw: -96.834206
  pitch: 12.300002
