lastAccountName: RimuroTempest
timestamps:
  login: 1567743908135
  lastteleport: 1567348066091
  logout: 1567757201901
ipAddress: 0:0:0:0:0:0:0:1
lastlocation:
  world: world
  x: -6.4456741849094765
  y: 69.0
  z: 216.26515229293813
  yaw: -179.8543
  pitch: 1.0739887
logoutlocation:
  world: world
  x: -916.5174289769258
  y: 68.0
  z: -901.7096108920978
  yaw: 24.216959
  pitch: 50.700302
