lastAccountName: RimuroTempest
timestamps:
  login: 1567385081646
  lastteleport: 1567348066091
  logout: 1567391818863
ipAddress: 0:0:0:0:0:0:0:1
lastlocation:
  world: world
  x: -6.4456741849094765
  y: 69.0
  z: 216.26515229293813
  yaw: -179.8543
  pitch: 1.0739887
logoutlocation:
  world: world
  x: -922.4538682473136
  y: 90.0
  z: -941.9310123773664
  yaw: -14.50946
  pitch: 32.54961
