lastAccountName: RimuroTempest
timestamps:
  login: 1568523735940
  lastteleport: 1567936260655
  logout: 1568523750922
ipAddress: 0:0:0:0:0:0:0:1
lastlocation:
  world: world
  x: -930.9541720040446
  y: 73.0
  z: -942.4989349231402
  yaw: -109.2843
  pitch: 9.75
logoutlocation:
  world: world
  x: -922.7121575314886
  y: 70.0
  z: -932.3705659656349
  yaw: 169.86505
  pitch: 34.949997
