lastAccountName: RimuroTempest
timestamps:
  login: 1567349049764
  lastteleport: 1567348066091
  logout: 1567362185095
ipAddress: 0:0:0:0:0:0:0:1
lastlocation:
  world: world
  x: -6.4456741849094765
  y: 69.0
  z: 216.26515229293813
  yaw: -179.8543
  pitch: 1.0739887
logoutlocation:
  world: world
  x: -917.256303448789
  y: 72.0
  z: -946.086983235703
  yaw: 102.06545
  pitch: 15.900066
