lastAccountName: RimuroTempest
timestamps:
  login: 1568564268453
  lastteleport: 1568562583712
  logout: 1568565061079
ipAddress: 0:0:0:0:0:0:0:1
lastlocation:
  world: world
  x: -928.809245626463
  y: 73.0625
  z: -950.0129503997136
  yaw: 206.01486
  pitch: 17.999992
logoutlocation:
  world: world
  x: -923.3135124942744
  y: 72.0
  z: -943.1784173847102
  yaw: -3.8350382
  pitch: 21.300003
