lastAccountName: RimuroTempest
timestamps:
  login: 1567563388908
  lastteleport: 1567348066091
  logout: 1567568674508
ipAddress: 0:0:0:0:0:0:0:1
lastlocation:
  world: world
  x: -6.4456741849094765
  y: 69.0
  z: 216.26515229293813
  yaw: -179.8543
  pitch: 1.0739887
logoutlocation:
  world: world
  x: -913.6452026041223
  y: 68.0
  z: -905.9875000119209
  yaw: 9.214851
  pitch: 39.75
