lastAccountName: RimuroTempest
timestamps:
  login: 1568473637891
  lastteleport: 1567936260655
  logout: 1568482316344
ipAddress: 0:0:0:0:0:0:0:1
lastlocation:
  world: world
  x: -930.9541720040446
  y: 73.0
  z: -942.4989349231402
  yaw: -109.2843
  pitch: 9.75
logoutlocation:
  world: world
  x: -918.3431271970943
  y: 68.0
  z: -876.7447704512506
  yaw: 18.353394
  pitch: 12.599838
