lastAccountName: RimuroTempest
timestamps:
  login: 1567871163113
  lastteleport: 1567348066091
  logout: 1567871672643
ipAddress: 0:0:0:0:0:0:0:1
lastlocation:
  world: world
  x: -6.4456741849094765
  y: 69.0
  z: 216.26515229293813
  yaw: -179.8543
  pitch: 1.0739887
logoutlocation:
  world: world
  x: -929.555695646916
  y: 72.0
  z: -949.3645830861566
  yaw: -276.69324
  pitch: -12.450394
