lastAccountName: RimuroTempest
timestamps:
  login: 1567947201793
  lastteleport: 1567936260655
  logout: 1567947233967
ipAddress: 0:0:0:0:0:0:0:1
lastlocation:
  world: world
  x: -930.9541720040446
  y: 73.0
  z: -942.4989349231402
  yaw: -109.2843
  pitch: 9.75
logoutlocation:
  world: world
  x: -921.108032785488
  y: 72.5625
  z: -949.0269230028779
  yaw: -176.78394
  pitch: 33.749813
