lastAccountName: RimuroTempest
timestamps:
  login: 1567391900191
  lastteleport: 1567348066091
  logout: 1567401635281
ipAddress: 0:0:0:0:0:0:0:1
lastlocation:
  world: world
  x: -6.4456741849094765
  y: 69.0
  z: 216.26515229293813
  yaw: -179.8543
  pitch: 1.0739887
logoutlocation:
  world: world
  x: -928.3651906453101
  y: 72.0
  z: -944.1492851766512
  yaw: -105.08377
  pitch: -13.200198
