lastAccountName: RimuroTempest
timestamps:
  login: 1567951918168
  lastteleport: 1567936260655
  logout: 1567956858872
ipAddress: 0:0:0:0:0:0:0:1
lastlocation:
  world: world
  x: -930.9541720040446
  y: 73.0
  z: -942.4989349231402
  yaw: -109.2843
  pitch: 9.75
logoutlocation:
  world: world
  x: -930.8563334889203
  y: 72.0
  z: -955.6999999880791
  yaw: -289.5845
  pitch: 4.5000396
