lastAccountName: RimuroTempest
timestamps:
  login: 1569751919063
  lastteleport: 1568562583712
  logout: 1569752070578
ipAddress: 0:0:0:0:0:0:0:1
lastlocation:
  world: world
  x: -928.809245626463
  y: 73.0625
  z: -950.0129503997136
  yaw: 206.01486
  pitch: 17.999992
logoutlocation:
  world: world
  x: -926.5720479921922
  y: 72.0
  z: -941.2992875873634
  yaw: -165.68518
  pitch: 32.850037
