lastAccountName: RimuroTempest
timestamps:
  login: 1568449497190
  lastteleport: 1567936260655
  logout: 1568452384454
ipAddress: 0:0:0:0:0:0:0:1
lastlocation:
  world: world
  x: -930.9541720040446
  y: 73.0
  z: -942.4989349231402
  yaw: -109.2843
  pitch: 9.75
logoutlocation:
  world: world
  x: -885.2912437039566
  y: 74.0
  z: -523.4021547399036
  yaw: -2.9334717
  pitch: 66.00001
