lastAccountName: Jhor
timestamps:
  login: 1568467541651
  logout: 1568477442753
  lastteleport: 1568284306262
ipAddress: 0:0:0:0:0:0:0:1
lastlocation:
  world: world
  x: 434.3182201619291
  y: 130.0
  z: 94.3584264448521
  yaw: -86.05921
  pitch: 17.450098
logoutlocation:
  world: world
  x: 431.21337117903505
  y: 126.0
  z: 94.47332107057017
  yaw: -92.81058
  pitch: 29.756622
money: '76.0'
afk: false
