lastAccountName: Jhor
timestamps:
  login: 1566646483340
  logout: 1566660916791
  lastteleport: 1566649539874
ipAddress: 0:0:0:0:0:0:0:1
lastlocation:
  world: world
  x: 489.41072264533585
  y: 58.0
  z: 252.33695917939448
  yaw: 320.6831
  pitch: 22.474354
logoutlocation:
  world: world
  x: 430.2375000119209
  y: 130.0
  z: 94.30567045785159
  yaw: 268.17456
  pitch: 12.101529
