lastAccountName: Jhor
timestamps:
  login: 1568192554016
  logout: 1568197809004
  lastteleport: 1568194463110
ipAddress: 0:0:0:0:0:0:0:1
lastlocation:
  world: world
  x: 429.25736033494775
  y: 126.0
  z: 93.45978283118245
  yaw: -212.98674
  pitch: 31.032915
logoutlocation:
  world: world
  x: 430.77473078372617
  y: 130.0625
  z: 94.5120494481975
  yaw: -89.76362
  pitch: 11.636263
money: '76.0'
afk: false
