lastAccountName: Jhor
timestamps:
  login: 1566218328717
  logout: 1566222349626
  lastteleport: 1565804128115
ipAddress: 0:0:0:0:0:0:0:1
lastlocation:
  world: world
  x: 430.9523861743177
  y: 126.0
  z: 93.18652730534944
  yaw: 154.3836
  pitch: 20.76852
logoutlocation:
  world: world
  x: 428.9872188522402
  y: 126.0
  z: 94.33364962096245
  yaw: 263.51324
  pitch: 23.958372
