lastAccountName: Jhor
timestamps:
  login: 1566578183089
  logout: 1566584561011
  lastteleport: 1566582156549
ipAddress: 0:0:0:0:0:0:0:1
lastlocation:
  world: world
  x: 510.3140291607466
  y: 11.0
  z: -65.5419501995072
  yaw: 286.83923
  pitch: 33.616673
logoutlocation:
  world: world
  x: 430.23833621309404
  y: 130.0
  z: 94.48986765640329
  yaw: 291.09625
  pitch: 20.693169
