lastAccountName: Jhor
timestamps:
  login: 1567228678020
  logout: 1567232260524
  lastteleport: 1567232129468
ipAddress: 0:0:0:0:0:0:0:1
lastlocation:
  world: world
  x: 511.5752798633073
  y: 11.0
  z: -60.44918189559995
  yaw: 1.0545682
  pitch: 19.41972
logoutlocation:
  world: world
  x: 430.23750001192093
  y: 130.0
  z: 93.88110817854056
  yaw: 276.47287
  pitch: 44.057877
money: '6336.0'
