lastAccountName: Jhor
timestamps:
  login: 1567159094323
  logout: 1567159872809
  lastteleport: 1566725435302
ipAddress: 0:0:0:0:0:0:0:1
lastlocation:
  world: world
  x: 439.5961142688785
  y: 124.0
  z: 81.94817282401007
  yaw: -113.28003
  pitch: 41.8577
logoutlocation:
  world: world_nether
  x: 69.45150091627502
  y: 60.0
  z: -152.4312541856773
  yaw: 269.4486
  pitch: 13.200895
