lastAccountName: Jhor
timestamps:
  login: 1566559406024
  logout: 1566573782286
  lastteleport: 1566571806723
ipAddress: 0:0:0:0:0:0:0:1
lastlocation:
  world: world
  x: 429.8661572845826
  y: 126.0
  z: 93.70050482311326
  yaw: 165.05634
  pitch: 36.46175
logoutlocation:
  world: world
  x: 555.4852538106732
  y: 15.0
  z: -104.6983651574633
  yaw: 359.59644
  pitch: 6.5958214
