lastAccountName: Jhor
timestamps:
  login: 1566377490271
  logout: 1566385101248
  lastteleport: 1565804128115
ipAddress: 0:0:0:0:0:0:0:1
lastlocation:
  world: world
  x: 430.9523861743177
  y: 126.0
  z: 93.18652730534944
  yaw: 154.3836
  pitch: 20.76852
logoutlocation:
  world: world
  x: 438.9534521110304
  y: 96.0
  z: 18.589797553850936
  yaw: 228.31418
  pitch: 23.752235
