lastAccountName: Jhor
timestamps:
  login: 1568691617662
  logout: 1568693594289
  lastteleport: 1568647673027
ipAddress: 0:0:0:0:0:0:0:1
lastlocation:
  world: world
  x: 429.64154100107953
  y: 129.9375
  z: 88.2848994946664
  yaw: 314.8982
  pitch: 23.836853
logoutlocation:
  world: world
  x: 555.8780931763889
  y: 15.0
  z: -105.69625027570511
  yaw: -349.20068
  pitch: 15.135117
money: '76.0'
afk: false
