lastAccountName: Jhor
timestamps:
  login: 1568083896434
  logout: 1568090397370
  lastteleport: 1568085059268
ipAddress: 0:0:0:0:0:0:0:1
lastlocation:
  world: world
  x: 535.6236152298338
  y: 79.0
  z: 118.28692601079639
  yaw: 60.355347
  pitch: 26.036442
logoutlocation:
  world: world
  x: 434.3182201619291
  y: 130.0
  z: 94.26052439921921
  yaw: -90.86008
  pitch: 17.026524
money: '76.0'
afk: false
