lastAccountName: Jhor
timestamps:
  login: 1567232373469
  logout: 1567240347845
  lastteleport: 1567233016230
ipAddress: 0:0:0:0:0:0:0:1
lastlocation:
  world: world
  x: 546.4023419576638
  y: 78.0
  z: 134.32716411254688
  yaw: 115.157135
  pitch: 12.73045
logoutlocation:
  world: world
  x: 431.21223039896415
  y: 130.0
  z: 93.90561915613372
  yaw: 356.99072
  pitch: 46.205383
money: '3836.0'
