lastAccountName: Jhor
timestamps:
  login: 1567479660787
  logout: 1567481624225
  lastteleport: 1567444468589
ipAddress: 0:0:0:0:0:0:0:1
lastlocation:
  world: world_nether
  x: 73.49468486381396
  y: 75.0
  z: 870.8807384897299
  yaw: 290.122
  pitch: 13.722254
logoutlocation:
  world: world
  x: 473.5010624008076
  y: 105.0
  z: 114.0939968692595
  yaw: 189.28564
  pitch: -4.4527097
money: '76.0'
