lastAccountName: Jhor
timestamps:
  login: 1567583772479
  logout: 1567597668351
  lastteleport: 1567588701439
ipAddress: 0:0:0:0:0:0:0:1
lastlocation:
  world: world
  x: 3698.3118187734954
  y: 56.45426671670677
  z: -1515.006897321034
  yaw: 289.26538
  pitch: 8.24623
logoutlocation:
  world: world
  x: 476.7295542675329
  y: 106.0
  z: 107.75900458165404
  yaw: 54.675137
  pitch: 27.992214
money: '76.0'
afk: false
