lastAccountName: Jhor
timestamps:
  login: 1569569364673
  logout: 1569569505106
  lastteleport: 1568647673027
ipAddress: 0:0:0:0:0:0:0:1
lastlocation:
  world: world
  x: 429.64154100107953
  y: 129.9375
  z: 88.2848994946664
  yaw: 314.8982
  pitch: 23.836853
logoutlocation:
  world: world
  x: 356.5096128318735
  y: 62.875
  z: 27.156312846603548
  yaw: 0.7214644
  pitch: 13.14986
money: '76.0'
afk: false
