lastAccountName: Jhor
timestamps:
  login: 1569563104128
  logout: 1569564148336
  lastteleport: 1568647673027
ipAddress: 0:0:0:0:0:0:0:1
lastlocation:
  world: world
  x: 429.64154100107953
  y: 129.9375
  z: 88.2848994946664
  yaw: 314.8982
  pitch: 23.836853
logoutlocation:
  world: world
  x: 356.5375642315544
  y: 62.875
  z: 27.25972875398418
  yaw: 180.43066
  pitch: 9.167984
money: '76.0'
afk: false
