lastAccountName: Jhor
timestamps:
  login: 1567597807378
  logout: 1567601623502
  lastteleport: 1567588701439
ipAddress: 0:0:0:0:0:0:0:1
lastlocation:
  world: world
  x: 3698.3118187734954
  y: 56.45426671670677
  z: -1515.006897321034
  yaw: 289.26538
  pitch: 8.24623
logoutlocation:
  world: world
  x: 430.23750001192093
  y: 130.0625
  z: 94.42666862016601
  yaw: -91.44315
  pitch: 4.479553
money: '76.0'
afk: false
