lastAccountName: Jhor
timestamps:
  login: 1567430360850
  logout: 1567438033210
  lastteleport: 1567436655391
ipAddress: 0:0:0:0:0:0:0:1
lastlocation:
  world: world
  x: 628.2202970582764
  y: 64.0
  z: 6.34361988430048
  yaw: -162.2374
  pitch: 22.26471
logoutlocation:
  world: world
  x: 434.91887415184885
  y: 129.5
  z: 94.17022326024095
  yaw: 270.4563
  pitch: 34.471016
money: '76.0'
