lastAccountName: Jhor
timestamps:
  login: 1568341654976
  logout: 1568341700052
  lastteleport: 1568284306262
ipAddress: 0:0:0:0:0:0:0:1
lastlocation:
  world: world
  x: 434.3182201619291
  y: 130.0
  z: 94.3584264448521
  yaw: -86.05921
  pitch: 17.450098
logoutlocation:
  world: world
  x: 555.4516677411125
  y: 15.0
  z: -106.69907767769067
  yaw: 3.011703
  pitch: 17.492517
money: '76.0'
afk: false
