lastAccountName: Jhor
timestamps:
  login: 1568289238328
  logout: 1568289796336
  lastteleport: 1568284306262
ipAddress: 0:0:0:0:0:0:0:1
lastlocation:
  world: world
  x: 434.3182201619291
  y: 130.0
  z: 94.3584264448521
  yaw: -86.05921
  pitch: 17.450098
logoutlocation:
  world: world
  x: 356.4998878410097
  y: 62.875
  z: 27.563298870334275
  yaw: -359.82394
  pitch: 16.163834
money: '76.0'
afk: false
