lastAccountName: Jhor
timestamps:
  login: 1568212023915
  logout: 1568214085716
  lastteleport: 1568194463110
ipAddress: 0:0:0:0:0:0:0:1
lastlocation:
  world: world
  x: 429.25736033494775
  y: 126.0
  z: 93.45978283118245
  yaw: -212.98674
  pitch: 31.032915
logoutlocation:
  world: world
  x: 430.5925289906575
  y: 126.0
  z: 92.93537396135638
  yaw: -213.29565
  pitch: 36.795265
money: '76.0'
afk: false
