lastAccountName: Jhor
timestamps:
  login: 1567337317713
  logout: 1567340570451
  lastteleport: 1567331709639
ipAddress: 0:0:0:0:0:0:0:1
lastlocation:
  world: world
  x: 435.45861137513197
  y: 129.0
  z: 92.99593817925046
  yaw: 224.72092
  pitch: 30.070824
logoutlocation:
  world: world
  x: 434.9692187093456
  y: 130.5
  z: 90.81716611606727
  yaw: 228.47626
  pitch: 50.08134
money: '24140.0'
