lastAccountName: Jhor
timestamps:
  login: 1566548909814
  logout: 1566557461357
  lastteleport: 1566557334197
ipAddress: 0:0:0:0:0:0:0:1
lastlocation:
  world: world
  x: 434.5661601980317
  y: 130.0
  z: 93.63956440610036
  yaw: 54.31299
  pitch: 13.673279
logoutlocation:
  world: world
  x: 433.87913344371196
  y: 130.5
  z: 91.6095319612882
  yaw: 174.90326
  pitch: 36.618885
