lastAccountName: Jhor
timestamps:
  login: 1566206706563
  logout: 1566211137063
  lastteleport: 1565804128115
ipAddress: 0:0:0:0:0:0:0:1
lastlocation:
  world: world
  x: 430.9523861743177
  y: 126.0
  z: 93.18652730534944
  yaw: 154.3836
  pitch: 20.76852
logoutlocation:
  world: world
  x: 511.4144216808812
  y: 11.0
  z: -56.573100047143065
  yaw: 180.86981
  pitch: 4.551225
