lastAccountName: Jhor
timestamps:
  login: 1568254580842
  logout: 1568261516922
  lastteleport: 1568194463110
ipAddress: 0:0:0:0:0:0:0:1
lastlocation:
  world: world
  x: 429.25736033494775
  y: 126.0
  z: 93.45978283118245
  yaw: -212.98674
  pitch: 31.032915
logoutlocation:
  world: world
  x: 430.299999974668
  y: 130.0625002
  z: 93.29999997466803
  yaw: 136.20476
  pitch: 0.0
money: '76.0'
afk: false
