lastAccountName: Jhor
timestamps:
  login: 1567757626981
  logout: 1567761020294
  lastteleport: 1567588701439
ipAddress: 0:0:0:0:0:0:0:1
lastlocation:
  world: world
  x: 3698.3118187734954
  y: 56.45426671670677
  z: -1515.006897321034
  yaw: 289.26538
  pitch: 8.24623
logoutlocation:
  world: world
  x: 555.5206628103732
  y: 15.0
  z: -104.06717648954839
  yaw: 2.6516397
  pitch: 4.0640373
money: '76.0'
afk: false
