lastAccountName: Jhor
timestamps:
  login: 1568175282319
  logout: 1568178672980
  lastteleport: 1568172656684
ipAddress: 0:0:0:0:0:0:0:1
lastlocation:
  world: world
  x: -650.1277924343963
  y: 16.0
  z: -485.34743484766585
  yaw: 183.28098
  pitch: 14.431623
logoutlocation:
  world: world_nether
  x: 193.0714366602436
  y: 80.0
  z: -53.91539798059539
  yaw: 49.490234
  pitch: 16.420866
money: '76.0'
afk: false
