lastAccountName: Jhor
timestamps:
  login: 1568635014342
  logout: 1568645873881
  lastteleport: 1568615165368
ipAddress: 0:0:0:0:0:0:0:1
lastlocation:
  world: world
  x: 434.52705768501767
  y: 130.0
  z: 98.08732289963467
  yaw: 90.9232
  pitch: 35.30967
logoutlocation:
  world: world
  x: 448.0912070717455
  y: 21.0
  z: -405.8453166298594
  yaw: 193.87122
  pitch: 2.984746
money: '76.0'
afk: false
