lastAccountName: Jhor
timestamps:
  login: 1568528088194
  logout: 1568534129504
  lastteleport: 1568284306262
ipAddress: 0:0:0:0:0:0:0:1
lastlocation:
  world: world
  x: 434.3182201619291
  y: 130.0
  z: 94.3584264448521
  yaw: -86.05921
  pitch: 17.450098
logoutlocation:
  world: world
  x: 430.532166776034
  y: 126.0
  z: 95.26837296126537
  yaw: 279.0014
  pitch: 0.62783134
money: '76.0'
afk: false
