lastAccountName: Jhor
timestamps:
  login: 1568555186619
  logout: 1568570444616
  lastteleport: 1568565233585
ipAddress: 0:0:0:0:0:0:0:1
lastlocation:
  world: world
  x: 476.051622546685
  y: 106.0
  z: 106.55918236958253
  yaw: 20.847443
  pitch: 22.003326
logoutlocation:
  world: world
  x: 472.6795598130371
  y: 106.0
  z: 92.83423442304928
  yaw: 84.921875
  pitch: 3.5110912
money: '76.0'
afk: false
