lastAccountName: Jhor
timestamps:
  login: 1568344393509
  logout: 1568344403353
  lastteleport: 1568284306262
ipAddress: 0:0:0:0:0:0:0:1
lastlocation:
  world: world
  x: 434.3182201619291
  y: 130.0
  z: 94.3584264448521
  yaw: -86.05921
  pitch: 17.450098
logoutlocation:
  world: world
  x: 557.0303670057191
  y: 15.0
  z: -100.76249998807907
  yaw: -188.12473
  pitch: 14.045375
money: '76.0'
afk: false
