lastAccountName: Jhor
timestamps:
  login: 1567506439386
  logout: 1567507045201
  lastteleport: 1567502204573
ipAddress: 0:0:0:0:0:0:0:1
lastlocation:
  world: world
  x: 497.69999998807907
  y: 62.0
  z: 197.41468639945487
  yaw: 217.70226
  pitch: 36.525497
logoutlocation:
  world: world_nether
  x: 61.198264580464205
  y: 128.0
  z: -16.273811129510847
  yaw: 220.58084
  pitch: 26.03781
money: '76.0'
