lastAccountName: Jhor
timestamps:
  login: 1568341610592
  logout: 1568341615863
  lastteleport: 1568284306262
ipAddress: 0:0:0:0:0:0:0:1
lastlocation:
  world: world
  x: 434.3182201619291
  y: 130.0
  z: 94.3584264448521
  yaw: -86.05921
  pitch: 17.450098
logoutlocation:
  world: world
  x: 567.6705978714386
  y: 18.0
  z: -101.84339875278302
  yaw: 16.99893
  pitch: 2.0059242
money: '76.0'
afk: false
