lastAccountName: Jhor
timestamps:
  login: 1567164323501
  logout: 1567174352003
  lastteleport: 1566725435302
ipAddress: 0:0:0:0:0:0:0:1
lastlocation:
  world: world
  x: 439.5961142688785
  y: 124.0
  z: 81.94817282401007
  yaw: -113.28003
  pitch: 41.8577
logoutlocation:
  world: world
  x: 430.48405343968466
  y: 126.0
  z: 93.98287262617534
  yaw: 159.60567
  pitch: -6.810156
