lastAccountName: Jhor
timestamps:
  login: 1567331882755
  logout: 1567333717289
  lastteleport: 1567331709639
ipAddress: 0:0:0:0:0:0:0:1
lastlocation:
  world: world
  x: 435.45861137513197
  y: 129.0
  z: 92.99593817925046
  yaw: 224.72092
  pitch: 30.070824
logoutlocation:
  world: world
  x: 428.9818085980113
  y: 126.0
  z: 94.13064699106332
  yaw: 140.80496
  pitch: -17.602592
money: '24140.0'
