lastAccountName: Jhor
timestamps:
  login: 1568184980623
  logout: 1568192476961
  lastteleport: 1568182200974
ipAddress: 0:0:0:0:0:0:0:1
lastlocation:
  world: world
  x: 497.9766639722176
  y: 72.0
  z: 165.9657713000942
  yaw: 108.37207
  pitch: 42.59501
logoutlocation:
  world: world_nether
  x: 106.96707205976892
  y: 54.0
  z: -26.377411842855416
  yaw: -90.1238
  pitch: 25.218996
money: '76.0'
afk: false
