lastAccountName: Jhor
timestamps:
  login: 1566399773996
  logout: 1566407443433
  lastteleport: 1565804128115
ipAddress: 0:0:0:0:0:0:0:1
lastlocation:
  world: world
  x: 430.9523861743177
  y: 126.0
  z: 93.18652730534944
  yaw: 154.3836
  pitch: 20.76852
logoutlocation:
  world: world
  x: 430.4784810137901
  y: 130.0
  z: 94.63569599745338
  yaw: 265.53003
  pitch: 8.437637
