lastAccountName: Jhor
timestamps:
  login: 1568451421241
  logout: 1568451521338
  lastteleport: 1568284306262
ipAddress: 0:0:0:0:0:0:0:1
lastlocation:
  world: world
  x: 434.3182201619291
  y: 130.0
  z: 94.3584264448521
  yaw: -86.05921
  pitch: 17.450098
logoutlocation:
  world: world
  x: 434.3182201619291
  y: 130.0
  z: 94.26052439921921
  yaw: -89.96943
  pitch: 11.944962
money: '76.0'
afk: false
