lastAccountName: Jhor
timestamps:
  login: 1567420211434
  logout: 1567420802191
  lastteleport: 1567407787973
ipAddress: 0:0:0:0:0:0:0:1
lastlocation:
  world: world
  x: 429.3431361746026
  y: 126.0
  z: 94.70920614664954
  yaw: 200.01611
  pitch: 35.67599
logoutlocation:
  world: world
  x: 436.3916963350953
  y: 128.0
  z: 94.33649004985165
  yaw: 212.30733
  pitch: 32.637447
money: '76.0'
