lastAccountName: Jhor
timestamps:
  login: 1568654267285
  logout: 1568656547410
  lastteleport: 1568647673027
ipAddress: 0:0:0:0:0:0:0:1
lastlocation:
  world: world
  x: 429.64154100107953
  y: 129.9375
  z: 88.2848994946664
  yaw: 314.8982
  pitch: 23.836853
logoutlocation:
  world: world
  x: 408.66068926783186
  y: 82.0
  z: 2.7421234724458468
  yaw: 301.78687
  pitch: 14.666141
money: '76.0'
afk: false
