lastAccountName: Jhor
timestamps:
  login: 1566645880167
  logout: 1566646407752
  lastteleport: 1566582156549
ipAddress: 0:0:0:0:0:0:0:1
lastlocation:
  world: world
  x: 510.3140291607466
  y: 11.0
  z: -65.5419501995072
  yaw: 286.83923
  pitch: 33.616673
logoutlocation:
  world: world
  x: 429.867534032732
  y: 126.0
  z: 94.96267193525287
  yaw: 159.34383
  pitch: 26.29859
