lastAccountName: Jhor
timestamps:
  login: 1568554865956
  logout: 1568555044275
  lastteleport: 1568284306262
ipAddress: 0:0:0:0:0:0:0:1
lastlocation:
  world: world
  x: 434.3182201619291
  y: 130.0
  z: 94.3584264448521
  yaw: -86.05921
  pitch: 17.450098
logoutlocation:
  world: world
  x: 430.53578453412644
  y: 126.0
  z: 95.26255803405073
  yaw: 211.89186
  pitch: 9.795603
money: '76.0'
afk: false
