lastAccountName: Jhor
timestamps:
  login: 1566133834655
  logout: 1566136197442
  lastteleport: 1565804128115
ipAddress: 0:0:0:0:0:0:0:1
lastlocation:
  world: world
  x: 430.9523861743177
  y: 126.0
  z: 93.18652730534944
  yaw: 154.3836
  pitch: 20.76852
logoutlocation:
  world: world
  x: 429.3300563288085
  y: 126.0
  z: 94.45789063660607
  yaw: 200.63818
  pitch: 27.457087
