lastAccountName: Jhor
timestamps:
  login: 1569475086779
  logout: 1569477739492
  lastteleport: 1568647673027
ipAddress: 0:0:0:0:0:0:0:1
lastlocation:
  world: world
  x: 429.64154100107953
  y: 129.9375
  z: 88.2848994946664
  yaw: 314.8982
  pitch: 23.836853
logoutlocation:
  world: world
  x: -1086.9584409511535
  y: 67.0
  z: -480.7372471279425
  yaw: 85.858154
  pitch: 23.3634
money: '76.0'
afk: false
