lastAccountName: Jhor
timestamps:
  login: 1568690420377
  logout: 1568691550490
  lastteleport: 1568647673027
ipAddress: 0:0:0:0:0:0:0:1
lastlocation:
  world: world
  x: 429.64154100107953
  y: 129.9375
  z: 88.2848994946664
  yaw: 314.8982
  pitch: 23.836853
logoutlocation:
  world: world
  x: 356.66820209153985
  y: 62.875
  z: 27.412133375684082
  yaw: 3.1398926
  pitch: 15.81917
money: '76.0'
afk: false
