lastAccountName: Jhor
timestamps:
  login: 1568032150733
  logout: 1568034128820
  lastteleport: 1567588701439
ipAddress: 0:0:0:0:0:0:0:1
lastlocation:
  world: world
  x: 3698.3118187734954
  y: 56.45426671670677
  z: -1515.006897321034
  yaw: 289.26538
  pitch: 8.24623
logoutlocation:
  world: world
  x: 479.1352280193663
  y: 105.0
  z: 111.9643722388031
  yaw: 86.23065
  pitch: 34.26221
money: '76.0'
afk: false
