lastAccountName: Jhor
timestamps:
  login: 1568613405258
  logout: 1568613847103
  lastteleport: 1568565233585
ipAddress: 0:0:0:0:0:0:0:1
lastlocation:
  world: world
  x: 476.051622546685
  y: 106.0
  z: 106.55918236958253
  yaw: 20.847443
  pitch: 22.003326
logoutlocation:
  world: world
  x: 2223.2828438407378
  y: 107.0
  z: -125.62198341594045
  yaw: 293.0863
  pitch: 25.774586
money: '76.0'
afk: false
