lastAccountName: Jhor
timestamps:
  login: 1567525400474
  logout: 1567527316903
  lastteleport: 1567522889309
ipAddress: 0:0:0:0:0:0:0:1
lastlocation:
  world: world
  x: 435.6323402858522
  y: 126.0
  z: 80.33705087921619
  yaw: 78.02881
  pitch: 1.5982769
logoutlocation:
  world: world
  x: 474.94842967158826
  y: 106.0
  z: 93.55969530076001
  yaw: 270.19876
  pitch: 20.53196
money: '76.0'
afk: false
