lastAccountName: Jhor
timestamps:
  login: 1565968641027
  logout: 1565974012812
  lastteleport: 1565804128115
ipAddress: 0:0:0:0:0:0:0:1
lastlocation:
  world: world
  x: 430.9523861743177
  y: 126.0
  z: 93.18652730534944
  yaw: 154.3836
  pitch: 20.76852
logoutlocation:
  world: world
  x: 430.23750001192093
  y: 130.0
  z: 94.60062886604635
  yaw: 271.5069
  pitch: 8.853178
