lastAccountName: Jhor
timestamps:
  login: 1568796583071
  logout: 1568796674294
  lastteleport: 1568647673027
ipAddress: 0:0:0:0:0:0:0:1
lastlocation:
  world: world
  x: 429.64154100107953
  y: 129.9375
  z: 88.2848994946664
  yaw: 314.8982
  pitch: 23.836853
logoutlocation:
  world: world
  x: 356.56972896355535
  y: 62.875
  z: 27.385114744502268
  yaw: 3.1060598
  pitch: 14.564415
money: '76.0'
afk: false
