lastAccountName: Jhor
timestamps:
  login: 1569477787325
  logout: 1569484474804
  lastteleport: 1568647673027
ipAddress: 0:0:0:0:0:0:0:1
lastlocation:
  world: world
  x: 429.64154100107953
  y: 129.9375
  z: 88.2848994946664
  yaw: 314.8982
  pitch: 23.836853
logoutlocation:
  world: world
  x: 555.4283823110688
  y: 15.0
  z: -104.86643020991353
  yaw: -215.74707
  pitch: 44.995895
money: '76.0'
afk: false
