lastAccountName: Jhor
timestamps:
  login: 1568039525273
  logout: 1568042320397
  lastteleport: 1567588701439
ipAddress: 0:0:0:0:0:0:0:1
lastlocation:
  world: world
  x: 3698.3118187734954
  y: 56.45426671670677
  z: -1515.006897321034
  yaw: 289.26538
  pitch: 8.24623
logoutlocation:
  world: world
  x: 430.4306293873029
  y: 126.0
  z: 93.63972299056553
  yaw: -206.22144
  pitch: 34.523914
money: '76.0'
afk: false
