lastAccountName: Jhor
timestamps:
  login: 1566724864567
  logout: 1566729371908
  lastteleport: 1566725435302
ipAddress: 0:0:0:0:0:0:0:1
lastlocation:
  world: world
  x: 439.5961142688785
  y: 124.0
  z: 81.94817282401007
  yaw: -113.28003
  pitch: 41.8577
logoutlocation:
  world: world
  x: 430.23833621309404
  y: 130.0
  z: 94.48986765640329
  yaw: 303.93286
  pitch: -15.192131
