lastAccountName: Jhor
timestamps:
  login: 1567487548197
  logout: 1567493663982
  lastteleport: 1567492621309
ipAddress: 0:0:0:0:0:0:0:1
lastlocation:
  world: world
  x: 491.25820231648606
  y: 95.0
  z: 117.0063145404189
  yaw: 253.91493
  pitch: 26.036703
logoutlocation:
  world: world
  x: 433.7717097106623
  y: 130.0
  z: 93.33392553384265
  yaw: 190.84418
  pitch: 19.85574
money: '76.0'
