lastAccountName: Jhor
timestamps:
  login: 1568570482390
  logout: 1568571281284
  lastteleport: 1568565233585
ipAddress: 0:0:0:0:0:0:0:1
lastlocation:
  world: world
  x: 476.051622546685
  y: 106.0
  z: 106.55918236958253
  yaw: 20.847443
  pitch: 22.003326
logoutlocation:
  world: world
  x: 430.23750001192093
  y: 130.0625
  z: 94.43573761693304
  yaw: -88.13623
  pitch: 18.545784
money: '76.0'
afk: false
