lastAccountName: Jhor
timestamps:
  login: 1567438227218
  logout: 1567446099577
  lastteleport: 1567444468589
ipAddress: 0:0:0:0:0:0:0:1
lastlocation:
  world: world_nether
  x: 73.49468486381396
  y: 75.0
  z: 870.8807384897299
  yaw: 290.122
  pitch: 13.722254
logoutlocation:
  world: world
  x: 430.6876156689269
  y: 130.0625
  z: 94.69999998807907
  yaw: 190.14493
  pitch: 37.876183
money: '76.0'
