lastAccountName: Jhor
timestamps:
  login: 1567351859381
  logout: 1567361708448
  lastteleport: 1567352820986
ipAddress: 0:0:0:0:0:0:0:1
lastlocation:
  world: world
  x: 470.91797459103566
  y: 76.0
  z: 4.469424011733961
  yaw: 327.2937
  pitch: 62.91753
logoutlocation:
  world: world
  x: 461.1259516642115
  y: 97.0
  z: 96.42061366586188
  yaw: 88.68993
  pitch: 66.113304
money: '76.0'
