lastAccountName: Jhor
timestamps:
  login: 1564904054139
  logout: 1564904483457
  lastteleport: 1564058018926
ipAddress: 0:0:0:0:0:0:0:1
lastlocation:
  world: world
  x: 434.572737608693
  y: 130.0
  z: 95.63840944325659
  yaw: -135.46524
  pitch: 28.353868
logoutlocation:
  world: world
  x: 431.2529148561325
  y: 130.0
  z: 94.56729315383846
  yaw: 97.11136
  pitch: 30.018097
