lastAccountName: Jhor
timestamps:
  login: 1568524307263
  logout: 1568525718396
  lastteleport: 1568284306262
ipAddress: 0:0:0:0:0:0:0:1
lastlocation:
  world: world
  x: 434.3182201619291
  y: 130.0
  z: 94.3584264448521
  yaw: -86.05921
  pitch: 17.450098
logoutlocation:
  world: world
  x: 435.12957071727647
  y: 129.0
  z: 87.93029104054668
  yaw: 240.12306
  pitch: 17.706902
money: '76.0'
afk: false
