lastAccountName: Jhor
timestamps:
  login: 1567754878036
  logout: 1567757202323
  lastteleport: 1567588701439
ipAddress: 0:0:0:0:0:0:0:1
lastlocation:
  world: world
  x: 3698.3118187734954
  y: 56.45426671670677
  z: -1515.006897321034
  yaw: 289.26538
  pitch: 8.24623
logoutlocation:
  world: world
  x: 462.05490854839434
  y: 109.0
  z: 82.2115569637251
  yaw: 89.60361
  pitch: -7.3538966
money: '76.0'
afk: false
