lastAccountName: Jhor
timestamps:
  login: 1568273780770
  logout: 1568276444745
  lastteleport: 1568194463110
ipAddress: 0:0:0:0:0:0:0:1
lastlocation:
  world: world
  x: 429.25736033494775
  y: 126.0
  z: 93.45978283118245
  yaw: -212.98674
  pitch: 31.032915
logoutlocation:
  world: world
  x: 475.25817993441757
  y: 107.0
  z: 104.40958784528102
  yaw: 36.70395
  pitch: 15.500365
money: '76.0'
afk: false
