lastAccountName: Jhor
timestamps:
  login: 1566712842358
  logout: 1566722251822
  lastteleport: 1566722162026
ipAddress: 0:0:0:0:0:0:0:1
lastlocation:
  world: world_nether
  x: 1071.478961767968
  y: 67.0
  z: 1237.4910244581054
  yaw: -260.4882
  pitch: 7.243515
logoutlocation:
  world: world_nether
  x: -11.704705128657912
  y: 77.0
  z: 1886.1849097117845
  yaw: -242.20508
  pitch: 12.749809
