lastAccountName: Jhor
timestamps:
  login: 1569590342177
  logout: 1569590392081
  lastteleport: 1568647673027
ipAddress: 0:0:0:0:0:0:0:1
lastlocation:
  world: world
  x: 429.64154100107953
  y: 129.9375
  z: 88.2848994946664
  yaw: 314.8982
  pitch: 23.836853
logoutlocation:
  world: world
  x: 356.50891256903424
  y: 62.875
  z: 27.340834794883392
  yaw: 1.879425
  pitch: 15.716835
money: '76.0'
afk: false
