lastAccountName: Jhor
timestamps:
  login: 1568454280414
  logout: 1568467498290
  lastteleport: 1568284306262
ipAddress: 0:0:0:0:0:0:0:1
lastlocation:
  world: world
  x: 434.3182201619291
  y: 130.0
  z: 94.3584264448521
  yaw: -86.05921
  pitch: 17.450098
logoutlocation:
  world: world
  x: 433.9396003820269
  y: 129.9375
  z: 94.41358722006831
  yaw: 144.86362
  pitch: 53.329933
money: '76.0'
afk: false
