lastAccountName: Jhor
timestamps:
  login: 1568355467213
  logout: 1568355517266
  lastteleport: 1568284306262
ipAddress: 0:0:0:0:0:0:0:1
lastlocation:
  world: world
  x: 434.3182201619291
  y: 130.0
  z: 94.3584264448521
  yaw: -86.05921
  pitch: 17.450098
logoutlocation:
  world: world
  x: 555.5788887265475
  y: 15.0
  z: -105.12388462570057
  yaw: -7.0306835
  pitch: 17.42798
money: '76.0'
afk: false
