lastAccountName: Jhor
timestamps:
  login: 1568294295456
  logout: 1568301696783
  lastteleport: 1568284306262
ipAddress: 0:0:0:0:0:0:0:1
lastlocation:
  world: world
  x: 434.3182201619291
  y: 130.0
  z: 94.3584264448521
  yaw: -86.05921
  pitch: 17.450098
logoutlocation:
  world: world
  x: 555.7156036694093
  y: 15.0
  z: -106.2194924850493
  yaw: 354.052
  pitch: 18.109743
money: '76.0'
afk: false
