lastAccountName: Jhor
timestamps:
  login: 1567773940078
  logout: 1567780494670
  lastteleport: 1567588701439
ipAddress: 0:0:0:0:0:0:0:1
lastlocation:
  world: world
  x: 3698.3118187734954
  y: 56.45426671670677
  z: -1515.006897321034
  yaw: 289.26538
  pitch: 8.24623
logoutlocation:
  world: world
  x: 439.845300391624
  y: 124.0
  z: 82.07600972854853
  yaw: -89.23083
  pitch: 17.3935
money: '76.0'
afk: false
