lastAccountName: Jhor
timestamps:
  login: 1566399210617
  logout: 1566399573751
  lastteleport: 1565804128115
ipAddress: 0:0:0:0:0:0:0:1
lastlocation:
  world: world
  x: 430.9523861743177
  y: 126.0
  z: 93.18652730534944
  yaw: 154.3836
  pitch: 20.76852
logoutlocation:
  world: world
  x: 430.23833621309404
  y: 130.0
  z: 94.48986765640329
  yaw: 270.6135
  pitch: 7.6487455
