lastAccountName: Arrchiiee
timestamps:
  login: 1564628518699
  lastteleport: 1564629044791
  logout: 1564634887448
ipAddress: 0:0:0:0:0:0:0:1
lastlocation:
  world: world
  x: 487.1673456360173
  y: 63.0
  z: 385.8233391246222
  yaw: -220.9101
  pitch: 9.596344
logoutlocation:
  world: world
  x: 481.5035821254357
  y: 64.0
  z: 374.34899153673126
  yaw: -7.38208
  pitch: 12.206594
money: '2051.45'
