lastAccountName: Arrchiiee
timestamps:
  login: 1566137317441
  lastteleport: 1566119258229
  logout: 1566138552655
ipAddress: 0:0:0:0:0:0:0:1
lastlocation:
  world: world
  x: -650.4260485157102
  y: 11.0
  z: -501.30000001192093
  yaw: -62.160767
  pitch: 28.012318
logoutlocation:
  world: world
  x: 479.4100652202038
  y: 61.0
  z: 368.69730262542527
  yaw: -268.8566
  pitch: 5.1132207
money: '2051.45'
afk: false
