lastAccountName: Arrchiiee
timestamps:
  login: 1566588038509
  lastteleport: 1566584326998
  logout: 1566588299161
ipAddress: 0:0:0:0:0:0:0:1
lastlocation:
  world: world
  x: 481.37164748946094
  y: 64.0
  z: 374.6364087866501
  yaw: 64.88727
  pitch: 5.278863
logoutlocation:
  world: world
  x: 225.4311027698461
  y: 10.0
  z: 491.2331548782425
  yaw: -25.232788
  pitch: 11.431442
money: '2051.45'
afk: false
