lastAccountName: Arrchiiee
timestamps:
  login: 1566210901237
  lastteleport: 1566119258229
  logout: 1566211159467
ipAddress: 0:0:0:0:0:0:0:1
lastlocation:
  world: world
  x: -650.4260485157102
  y: 11.0
  z: -501.30000001192093
  yaw: -62.160767
  pitch: 28.012318
logoutlocation:
  world: world
  x: 801.8925395613253
  y: 69.0
  z: -690.5145517377464
  yaw: -12.350393
  pitch: 15.255756
money: '2051.45'
afk: false
