lastAccountName: Arrchiiee
timestamps:
  login: 1565987351075
  lastteleport: 1565797058535
  logout: 1565988422908
ipAddress: 0:0:0:0:0:0:0:1
lastlocation:
  world: world
  x: 477.8574499674387
  y: 63.5
  z: 378.38854579760033
  yaw: -66.76245
  pitch: 16.193813
logoutlocation:
  world: world
  x: -19396.98076052699
  y: 64.0
  z: 3128.8149750855678
  yaw: -224.3069
  pitch: 25.239021
money: '2051.45'
afk: false
