lastAccountName: Arrchiiee
timestamps:
  login: 1566750796161
  lastteleport: 1566750006117
  logout: 1566751594346
ipAddress: 0:0:0:0:0:0:0:1
lastlocation:
  world: world
  x: 482.69999998807907
  y: 60.5
  z: 368.9866907956743
  yaw: 353.97046
  pitch: 15.047142
logoutlocation:
  world: world
  x: -21143.88843310106
  y: 72.0
  z: 2002.8007345283477
  yaw: 70.70371
  pitch: -1.2317115
money: '2051.45'
afk: false
