lastAccountName: Arrchiiee
timestamps:
  login: 1566138676926
  lastteleport: 1566119258229
  logout: 1566138920548
ipAddress: 0:0:0:0:0:0:0:1
lastlocation:
  world: world
  x: -650.4260485157102
  y: 11.0
  z: -501.30000001192093
  yaw: -62.160767
  pitch: 28.012318
logoutlocation:
  world: world
  x: 456.46334807241726
  y: 63.5
  z: 353.901254424498
  yaw: -12.854004
  pitch: 11.866901
money: '2051.45'
afk: false
