lastAccountName: Arrchiiee
timestamps:
  login: 1566668812315
  lastteleport: 1566669725815
  logout: 1566670702331
ipAddress: 0:0:0:0:0:0:0:1
lastlocation:
  world: world
  x: 878.6237880737726
  y: 72.0
  z: -491.1758803412726
  yaw: 42.084076
  pitch: 13.131996
logoutlocation:
  world: world
  x: 479.8516202727213
  y: 58.0
  z: 364.5206737935361
  yaw: 15.076599
  pitch: 16.73566
money: '2051.45'
afk: false
