lastAccountName: Arrchiiee
timestamps:
  login: 1566211397834
  lastteleport: 1566119258229
  logout: 1566217174966
ipAddress: 0:0:0:0:0:0:0:1
lastlocation:
  world: world
  x: -650.4260485157102
  y: 11.0
  z: -501.30000001192093
  yaw: -62.160767
  pitch: 28.012318
logoutlocation:
  world: world
  x: 482.69999998807907
  y: 64.0
  z: 373.81144028789504
  yaw: -0.5625
  pitch: 19.063461
money: '2051.45'
afk: false
