lastAccountName: Arrchiiee
timestamps:
  login: 1564147016379
  lastteleport: 1564148742740
  logout: 1564148859761
ipAddress: 0:0:0:0:0:0:0:1
lastlocation:
  world: world
  x: 480.76725397958614
  y: 63.5
  z: 380.6011599267962
  yaw: -48.696106
  pitch: 12.871151
logoutlocation:
  world: world
  x: 932.4363239992407
  y: 22.0
  z: -220.32918040034173
  yaw: -325.17078
  pitch: 37.423405
money: '11.45'
