lastAccountName: Arrchiiee
timestamps:
  login: 1567446196888
  lastteleport: 1566921577876
  logout: 1567450513219
ipAddress: 0:0:0:0:0:0:0:1
lastlocation:
  world: world
  x: 456.69999998807907
  y: 64.0
  z: 347.4787773868236
  yaw: -303.70605
  pitch: 13.298537
logoutlocation:
  world: world
  x: 482.69999998807907
  y: 62.0
  z: 372.1595916710028
  yaw: 61.269257
  pitch: -36.025917
money: '2051.45'
afk: false
