lastAccountName: Arrchiiee
timestamps:
  login: 1564405913360
  lastteleport: 1564401889523
  logout: 1564405911372
ipAddress: 0:0:0:0:0:0:0:1
lastlocation:
  world: world
  x: 482.053103479565
  y: 63.5
  z: 378.32747317548194
  yaw: 15.505878
  pitch: 19.183872
logoutlocation:
  world: world
  x: 347.75569153900614
  y: 64.0
  z: 1635.1596815035384
  yaw: -43.292576
  pitch: 66.29492
money: '2051.45'
