lastAccountName: Arrchiiee
timestamps:
  login: 1566120908617
  lastteleport: 1566119258229
  logout: 1566124072988
ipAddress: 0:0:0:0:0:0:0:1
lastlocation:
  world: world
  x: -650.4260485157102
  y: 11.0
  z: -501.30000001192093
  yaw: -62.160767
  pitch: 28.012318
logoutlocation:
  world: world
  x: 478.4901390108077
  y: 62.875
  z: 423.32180135426313
  yaw: -359.79285
  pitch: 14.204559
money: '2051.45'
afk: false
