lastAccountName: Arrchiiee
timestamps:
  login: 1566756076855
  lastteleport: 1566758568111
  logout: 1566759190973
ipAddress: 0:0:0:0:0:0:0:1
lastlocation:
  world: world
  x: 464.4281275684252
  y: 63.5
  z: 276.0787128303284
  yaw: -137.08679
  pitch: 19.93172
logoutlocation:
  world: world
  x: 481.23838147445434
  y: 64.0
  z: 374.07733249036323
  yaw: 334.31757
  pitch: 25.840794
money: '2051.45'
afk: false
