lastAccountName: Arrchiiee
timestamps:
  login: 1566539917477
  lastteleport: 1566119258229
  logout: 1566541779943
ipAddress: 0:0:0:0:0:0:0:1
lastlocation:
  world: world
  x: -650.4260485157102
  y: 11.0
  z: -501.30000001192093
  yaw: -62.160767
  pitch: 28.012318
logoutlocation:
  world: world
  x: 357.3908999427925
  y: 11.0
  z: 311.0128756369629
  yaw: -175.81836
  pitch: 15.168274
money: '2051.45'
afk: false
