lastAccountName: Arrchiiee
timestamps:
  login: 1566722162992
  lastteleport: 1566722031626
  logout: 1566722251839
ipAddress: 0:0:0:0:0:0:0:1
lastlocation:
  world: world
  x: 513.8553937967172
  y: 64.0
  z: 160.21882179775565
  yaw: -87.53418
  pitch: 26.454205
logoutlocation:
  world: world_nether
  x: -9.832334835323083
  y: 76.0
  z: 1875.9760073077268
  yaw: -312.51758
  pitch: 20.32193
money: '2051.45'
afk: false
