lastAccountName: Arrchiiee
timestamps:
  login: 1566925712303
  lastteleport: 1566921577876
  logout: 1566925762007
ipAddress: 0:0:0:0:0:0:0:1
lastlocation:
  world: world
  x: 478.23793761487275
  y: 62.0
  z: 366.6881435563332
  yaw: -305.53955
  pitch: 34.49085
logoutlocation:
  world: world
  x: 1239.7786668105678
  y: 62.52326465590632
  z: 2423.6739836467877
  yaw: 97.94635
  pitch: 17.339592
money: '2051.45'
afk: false
