lastAccountName: Arrchiiee
timestamps:
  login: 1567086767869
  lastteleport: 1566921577876
  logout: 1567086817841
ipAddress: 0:0:0:0:0:0:0:1
lastlocation:
  world: world
  x: 478.23793761487275
  y: 62.0
  z: 366.6881435563332
  yaw: -305.53955
  pitch: 34.49085
logoutlocation:
  world: world
  x: 1580.389090925373
  y: 68.0
  z: 5060.055527485594
  yaw: -287.77435
  pitch: 34.464336
money: '2051.45'
afk: false
