lastAccountName: Arrchiiee
timestamps:
  login: 1566833989411
  lastteleport: 1566758568111
  logout: 1566834898157
ipAddress: 0:0:0:0:0:0:0:1
lastlocation:
  world: world
  x: 464.4281275684252
  y: 63.5
  z: 276.0787128303284
  yaw: -137.08679
  pitch: 19.93172
logoutlocation:
  world: world
  x: 227.20511524289674
  y: 10.0
  z: 501.27711381304107
  yaw: -89.37439
  pitch: 10.043421
money: '2051.45'
afk: false
