lastAccountName: Arrchiiee
timestamps:
  login: 1566930734291
  lastteleport: 1566921577876
  logout: 1566931341225
ipAddress: 0:0:0:0:0:0:0:1
lastlocation:
  world: world
  x: 478.23793761487275
  y: 62.0
  z: 366.6881435563332
  yaw: -305.53955
  pitch: 34.49085
logoutlocation:
  world: world
  x: 1574.6619834974606
  y: 63.0
  z: 5056.699999988079
  yaw: -188.17334
  pitch: 20.595598
money: '2051.45'
afk: false
