lastAccountName: Arrchiiee
timestamps:
  login: 1566910640890
  lastteleport: 1566758568111
  logout: 1566910827504
ipAddress: 0:0:0:0:0:0:0:1
lastlocation:
  world: world
  x: 464.4281275684252
  y: 63.5
  z: 276.0787128303284
  yaw: -137.08679
  pitch: 19.93172
logoutlocation:
  world: world
  x: 226.27418239885603
  y: 10.0
  z: 489.4566828660513
  yaw: -32.276245
  pitch: 12.395143
money: '2051.45'
afk: false
