lastAccountName: Arrchiiee
timestamps:
  login: 1566496594795
  lastteleport: 1566119258229
  logout: 1566497042186
ipAddress: 0:0:0:0:0:0:0:1
lastlocation:
  world: world
  x: -650.4260485157102
  y: 11.0
  z: -501.30000001192093
  yaw: -62.160767
  pitch: 28.012318
logoutlocation:
  world: world
  x: 463.56037692644026
  y: 63.5
  z: 275.62005343935726
  yaw: -132.42578
  pitch: 17.375046
money: '2051.45'
afk: false
