lastAccountName: Arrchiiee
timestamps:
  login: 1566727768794
  lastteleport: 1566725945553
  logout: 1566727918626
ipAddress: 0:0:0:0:0:0:0:1
lastlocation:
  world: world
  x: 471.8602542637768
  y: 63.5
  z: 373.9205503008434
  yaw: -218.35779
  pitch: 16.099949
logoutlocation:
  world: world
  x: 479.8897553062352
  y: 58.0
  z: 364.55123287351495
  yaw: 31.299042
  pitch: 35.247425
money: '2051.45'
afk: false
