lastAccountName: Arrchiiee
timestamps:
  login: 1567626476483
  lastteleport: 1566921577876
  logout: 1567626653496
ipAddress: 0:0:0:0:0:0:0:1
lastlocation:
  world: world
  x: 456.69999998807907
  y: 64.0
  z: 347.4787773868236
  yaw: -303.70605
  pitch: 13.298537
logoutlocation:
  world: world
  x: 481.23838147445434
  y: 64.0
  z: 374.07733249036323
  yaw: 334.31757
  pitch: 25.840794
money: '2051.45'
afk: false
