lastAccountName: BraunEva
timestamps:
  login: 1570348541773
  logout: 1570348576801
ipAddress: 0:0:0:0:0:0:0:1
lastlocation:
  world: world
  x: -7.5
  y: 69.0
  z: 208.5
  yaw: 5.3661675
  pitch: 0.0
logoutlocation:
  world: world
  x: -6.5
  y: 69.0
  z: 216.5
  yaw: -179.8543
  pitch: 1.0739887
