lastAccountName: Slaying_Mobs09
timestamps:
  login: 1564066102621
  lastteleport: 1564069734184
  logout: 1564070067117
ipAddress: 0:0:0:0:0:0:0:1
lastlocation:
  world: world
  x: 661.5130301906775
  y: 9.0
  z: 13.346420582809683
  yaw: 304.34174
  pitch: 23.2198
logoutlocation:
  world: world
  x: 516.5919931496373
  y: 11.0
  z: 296.30000001192093
  yaw: 272.36737
  pitch: 7.349685
