lastAccountName: jirahice
timestamps:
  login: 1566754648867
  logout: 1566754677634
ipAddress: 0:0:0:0:0:0:0:1
lastlocation:
  world: world
  x: 3.5
  y: 69.0
  z: 221.5
  yaw: 0.9450824
  pitch: 0.0
logoutlocation:
  world: world
  x: -11.39768282705278
  y: 69.0
  z: 216.08981458320477
  yaw: 175.04596
  pitch: 12.62401
