lastAccountName: kimremedio2
timestamps:
  login: 1570952474966
  logout: 1570952475295
ipAddress: 0:0:0:0:0:0:0:1
lastlocation:
  world: world
  x: -0.5
  y: 69.0
  z: 216.5
  yaw: 1.3714054
  pitch: 0.0
logoutlocation:
  world: world
  x: -6.5
  y: 69.0
  z: 216.5
  yaw: -179.8543
  pitch: 1.0739887
