lastAccountName: DISRESPECKY
timestamps:
  login: 1571221724356
  logout: 1571221761503
ipAddress: 0:0:0:0:0:0:0:1
lastlocation:
  world: world
  x: 1.5
  y: 69.0
  z: 206.5
  yaw: 0.4898376
  pitch: 0.0
logoutlocation:
  world: world
  x: -6.5
  y: 69.0
  z: 216.5
  yaw: -179.8543
  pitch: 1.0739887
