lastAccountName: Veldanava
timestamps:
  login: 1565727589228
  logout: 1565728410489
ipAddress: 0:0:0:0:0:0:0:1
lastlocation:
  world: world
  x: -3.5
  y: 69.0
  z: 210.5
  yaw: 2.1505435
  pitch: 0.0
logoutlocation:
  world: world
  x: 1764.5812420265454
  y: 72.0
  z: 398.35281342328796
  yaw: 88.87253
  pitch: 9.427317
money: '783.34'
