lastAccountName: lazafat
timestamps:
  login: 1568012576793
  lastteleport: 1568013018364
  logout: 1568013258291
ipAddress: 0:0:0:0:0:0:0:1
lastlocation:
  world: world
  x: -6.4456741849094765
  y: 69.0
  z: 216.26515229293813
  yaw: -179.8543
  pitch: 1.0739887
logoutlocation:
  world: world
  x: -6.4456741849094765
  y: 69.0
  z: 216.26515229293813
  yaw: -129.9045
  pitch: -49.17591
