lastAccountName: Garbaganoosh
timestamps:
  login: 1567430911895
  logout: 1567430940921
ipAddress: 0:0:0:0:0:0:0:1
lastlocation:
  world: world
  x: -10.5
  y: 69.0
  z: 211.5
  yaw: 5.179185
  pitch: 0.0
logoutlocation:
  world: world
  x: 22.251997868471992
  y: 63.10075713067031
  z: 203.86106212778603
  yaw: -47.400734
  pitch: 61.049706
