lastAccountName: bigpeen69
timestamps:
  login: 1563795085275
  logout: 1563795140813
ipAddress: 0:0:0:0:0:0:0:1
lastlocation:
  world: world
  x: -854.4153873055951
  y: 101.97194983712356
  z: -639.3097583151833
  yaw: -305.42505
  pitch: 33.020813
logoutlocation:
  world: world
  x: 364.8668083437198
  y: 63.0
  z: 205.79668551350477
  yaw: -153.89268
  pitch: 13.950042
