lastAccountName: arcosanti
timestamps:
  login: 1568653028446
  logout: 1568653051770
  lastteleport: 1568650426498
ipAddress: 0:0:0:0:0:0:0:1
lastlocation:
  world: world
  x: 503.68548581327434
  y: 58.0
  z: 156.76099750778252
  yaw: 166.29053
  pitch: 14.181862
logoutlocation:
  world: world
  x: 500.10931520636944
  y: 60.0
  z: 162.04565077576163
  yaw: 278.13324
  pitch: 13.653224
money: '10582.6'
nickname: arcosanti
