lastAccountName: arcosanti
timestamps:
  login: 1566207987305
  logout: 1566211158661
  lastteleport: 1566208426957
ipAddress: 0:0:0:0:0:0:0:1
lastlocation:
  world: world
  x: 479.08280414068474
  y: 35.0
  z: -23.12744952644563
  yaw: 3.3500977
  pitch: 15.326378
logoutlocation:
  world: world
  x: 222.92519137746754
  y: 67.0
  z: -766.2032987756518
  yaw: 336.0653
  pitch: 4.55333
money: '90.6'
