lastAccountName: arcosanti
timestamps:
  login: 1567785846163
  logout: 1567788025189
  lastteleport: 1567787985339
ipAddress: 0:0:0:0:0:0:0:1
lastlocation:
  world: world
  x: 631.5230718520324
  y: 64.0
  z: 81.03663033226165
  yaw: 191.7359
  pitch: -2.6062786E-5
logoutlocation:
  world: world
  x: 784.5031465162801
  y: 76.0
  z: 18.444121623322893
  yaw: 89.79485
  pitch: -2.5976832
money: '90.6'
nickname: arcosanti
