lastAccountName: arcosanti
timestamps:
  login: 1567753695950
  logout: 1567757202295
  lastteleport: 1567750606383
ipAddress: 0:0:0:0:0:0:0:1
lastlocation:
  world: world
  x: 498.60158623983375
  y: 60.0
  z: 163.31347425670535
  yaw: 277.70132
  pitch: 14.005697
logoutlocation:
  world: world
  x: -21027.30000001192
  y: 14.0
  z: 1855.699999988079
  yaw: 153.61894
  pitch: 0.5324572
money: '90.6'
nickname: arcosanti
