lastAccountName: arcosanti
timestamps:
  login: 1567349760437
  logout: 1567356889265
  lastteleport: 1567354828636
ipAddress: 0:0:0:0:0:0:0:1
lastlocation:
  world: world
  x: 490.11284645644713
  y: 66.0
  z: 163.9557721621206
  yaw: 46.214844
  pitch: 3.3500328
logoutlocation:
  world: world
  x: 495.6208679104701
  y: 60.0
  z: 164.81367879321692
  yaw: 270.46173
  pitch: 5.1116576
money: '90.6'
nickname: arcosanti
