lastAccountName: arcosanti
timestamps:
  login: 1567215987723
  logout: 1567217779529
  lastteleport: 1567090107174
ipAddress: 0:0:0:0:0:0:0:1
lastlocation:
  world: world
  x: 1990.368358475479
  y: 77.0
  z: 11772.499919958707
  yaw: 297.99536
  pitch: 39.71821
logoutlocation:
  world: world
  x: 497.3778335100066
  y: 66.0
  z: 164.18254939446433
  yaw: 33.58667
  pitch: 19.201162
money: '90.6'
nickname: arcosanti
