lastAccountName: arcosanti
timestamps:
  login: 1567266860057
  logout: 1567274718948
  lastteleport: 1567090107174
ipAddress: 0:0:0:0:0:0:0:1
lastlocation:
  world: world
  x: 1990.368358475479
  y: 77.0
  z: 11772.499919958707
  yaw: 297.99536
  pitch: 39.71821
logoutlocation:
  world: world
  x: 499.9143963214968
  y: 58.0
  z: 146.0449342917102
  yaw: 275.88135
  pitch: -6.000028
money: '90.6'
nickname: arcosanti
