lastAccountName: arcosanti
timestamps:
  login: 1568898516936
  logout: 1568906514647
  lastteleport: 1568903229813
ipAddress: 0:0:0:0:0:0:0:1
lastlocation:
  world: world
  x: 494.35200102115994
  y: 73.0
  z: 165.94273316702595
  yaw: 154.13934
  pitch: 30.032349
logoutlocation:
  world: world
  x: 255.48326932574474
  y: 63.0
  z: 670.7032115635745
  yaw: -137.65431
  pitch: 64.81501
money: '19222.6'
nickname: arcosanti
