lastAccountName: arcosanti
timestamps:
  login: 1567853417119
  logout: 1567853433007
  lastteleport: 1567796137033
ipAddress: 0:0:0:0:0:0:0:1
lastlocation:
  world: world
  x: 500.8855861102313
  y: 60.0
  z: 162.10311314520473
  yaw: 341.1399
  pitch: 19.28825
logoutlocation:
  world: world
  x: 498.3102397354377
  y: 66.0
  z: 162.64042794705824
  yaw: 155.83965
  pitch: 31.863325
money: '90.6'
nickname: arcosanti
