lastAccountName: arcosanti
timestamps:
  login: 1568358292350
  logout: 1568358862754
  lastteleport: 1568303227279
ipAddress: 0:0:0:0:0:0:0:1
lastlocation:
  world: world
  x: 505.20207112353074
  y: 58.0
  z: 160.66531292594746
  yaw: 291.37585
  pitch: 17.70407
logoutlocation:
  world: world
  x: 840.655106361432
  y: 63.0
  z: 80.90815874849557
  yaw: 142.5458
  pitch: -16.471073
money: '90.6'
nickname: arcosanti
