lastAccountName: arcosanti
timestamps:
  login: 1567742055741
  logout: 1567742419795
  lastteleport: 1567689328407
ipAddress: 0:0:0:0:0:0:0:1
lastlocation:
  world: world
  x: 499.0274425722789
  y: 66.0
  z: 163.727217936858
  yaw: 81.440674
  pitch: -78.45001
logoutlocation:
  world: world
  x: 241.3801717939474
  y: 64.0
  z: 10266.844730689072
  yaw: 266.75586
  pitch: 20.485666
money: '90.6'
nickname: arcosanti
