lastAccountName: arcosanti
timestamps:
  login: 1567632794244
  logout: 1567641186371
  lastteleport: 1567600398429
ipAddress: 0:0:0:0:0:0:0:1
lastlocation:
  world: world
  x: 499.04323849583795
  y: 66.0
  z: 165.26103065273688
  yaw: 56.482056
  pitch: 29.417526
logoutlocation:
  world: world
  x: 498.3102397354377
  y: 66.0
  z: 162.64042794705824
  yaw: 88.63965
  pitch: 1.4133269
money: '90.6'
nickname: arcosanti
