lastAccountName: arcosanti
timestamps:
  login: 1568174892616
  logout: 1568178672873
  lastteleport: 1568169006531
ipAddress: 0:0:0:0:0:0:0:1
lastlocation:
  world: world
  x: 715.0378308723463
  y: 69.0
  z: -162.5910148821484
  yaw: 54.23535
  pitch: 30.81622
logoutlocation:
  world: world
  x: 498.3102397354377
  y: 66.0
  z: 162.64042794705824
  yaw: 88.63965
  pitch: 1.4133269
money: '90.6'
nickname: arcosanti
