lastAccountName: arcosanti
timestamps:
  login: 1569209314556
  logout: 1569212492524
  lastteleport: 1569153638126
ipAddress: 0:0:0:0:0:0:0:1
lastlocation:
  world: world
  x: 700.6580345932831
  y: 58.0
  z: 93.63605756182855
  yaw: 104.911194
  pitch: 48.612614
logoutlocation:
  world: world
  x: 523.3784766771421
  y: 86.0
  z: 265.26050327070436
  yaw: 72.438965
  pitch: 0.09206455
money: '4494.6'
nickname: arcosanti
