lastAccountName: arcosanti
timestamps:
  login: 1566718155322
  logout: 1566722251813
  lastteleport: 1566717888675
ipAddress: 0:0:0:0:0:0:0:1
lastlocation:
  world: world
  x: 462.29059577922135
  y: 37.0
  z: -220.7924880038295
  yaw: 122.024414
  pitch: 10.296359
logoutlocation:
  world: world_nether
  x: 76.64508124185743
  y: 75.0
  z: 150.06203187210593
  yaw: 176.64465
  pitch: 10.94989
money: '90.6'
nickname: arcosanti
