lastAccountName: arcosanti
timestamps:
  login: 1567476612307
  logout: 1567477509308
  lastteleport: 1567442979363
ipAddress: 0:0:0:0:0:0:0:1
lastlocation:
  world: world_nether
  x: 111.43196618075544
  y: 60.0
  z: 923.706809856008
  yaw: 106.1781
  pitch: -19.01672
logoutlocation:
  world: world
  x: 498.3102397354377
  y: 66.0
  z: 162.64042794705824
  yaw: 116.20195
  pitch: 14.357942
money: '90.6'
nickname: arcosanti
