lastAccountName: arcosanti
timestamps:
  login: 1568863071292
  logout: 1568864588640
  lastteleport: 1568821393748
ipAddress: 0:0:0:0:0:0:0:1
lastlocation:
  world: world
  x: 498.6088998148625
  y: 66.0
  z: 161.1572047574553
  yaw: 119.677734
  pitch: 20.433977
logoutlocation:
  world: world
  x: 501.0493132395416
  y: 71.5
  z: 162.59901921832977
  yaw: 68.6875
  pitch: 7.5769687
money: '19222.6'
nickname: arcosanti
