lastAccountName: arcosanti
timestamps:
  login: 1567946407445
  logout: 1567946582694
  lastteleport: 1567946270004
ipAddress: 0:0:0:0:0:0:0:1
lastlocation:
  world: world
  x: 448.1691894134416
  y: 63.0
  z: 251.95272603144147
  yaw: 250.4914
  pitch: 18.363333
logoutlocation:
  world: world
  x: 777.7566120174557
  y: 66.0
  z: -11.608986096013378
  yaw: 267.27783
  pitch: 10.650063
money: '90.6'
nickname: arcosanti
