lastAccountName: arcosanti
timestamps:
  login: 1566925913749
  logout: 1566930092384
  lastteleport: 1566927851615
ipAddress: 0:0:0:0:0:0:0:1
lastlocation:
  world: world
  x: -6.4456741849094765
  y: 69.0
  z: 216.26515229293813
  yaw: -161.45007
  pitch: -2.2722385
logoutlocation:
  world: world
  x: 498.95839007656116
  y: 60.0
  z: 162.01013645403972
  yaw: 50.52661
  pitch: 3.8788376
money: '90.6'
nickname: arcosanti
