lastAccountName: arcosanti
timestamps:
  login: 1568760124142
  logout: 1568761887615
  lastteleport: 1568650426498
ipAddress: 0:0:0:0:0:0:0:1
lastlocation:
  world: world
  x: 503.68548581327434
  y: 58.0
  z: 156.76099750778252
  yaw: 166.29053
  pitch: 14.181862
logoutlocation:
  world: world
  x: 189.84016195512808
  y: 70.0
  z: -760.989215186533
  yaw: -181.67505
  pitch: 26.7654
money: '19222.6'
nickname: arcosanti
