lastAccountName: arcosanti
timestamps:
  login: 1567244999764
  logout: 1567246769090
  lastteleport: 1567090107174
ipAddress: 0:0:0:0:0:0:0:1
lastlocation:
  world: world
  x: 1990.368358475479
  y: 77.0
  z: 11772.499919958707
  yaw: 297.99536
  pitch: 39.71821
logoutlocation:
  world: world
  x: 498.3102397354377
  y: 66.0
  z: 162.64042794705824
  yaw: 88.63965
  pitch: 1.4133269
money: '90.6'
nickname: arcosanti
