lastAccountName: arcosanti
timestamps:
  login: 1569289801107
  logout: 1569290114170
  lastteleport: 1569153638126
ipAddress: 0:0:0:0:0:0:0:1
lastlocation:
  world: world
  x: 700.6580345932831
  y: 58.0
  z: 93.63605756182855
  yaw: 104.911194
  pitch: 48.612614
logoutlocation:
  world: world
  x: 498.568570561291
  y: 66.0
  z: 161.56680893292545
  yaw: 160.62415
  pitch: 22.547335
money: '4494.6'
nickname: arcosanti
