lastAccountName: arcosanti
timestamps:
  login: 1567577210029
  logout: 1567583154865
  lastteleport: 1567582896244
ipAddress: 0:0:0:0:0:0:0:1
lastlocation:
  world: world
  x: 504.24546984582764
  y: 60.0
  z: 168.431916321017
  yaw: 82.10385
  pitch: 24.4847
logoutlocation:
  world: world
  x: -21313.626627917703
  y: 10.0
  z: 2008.502097263556
  yaw: 219.15955
  pitch: 15.474766
money: '90.6'
nickname: arcosanti
