lastAccountName: arcosanti
timestamps:
  login: 1568794936946
  logout: 1568801896529
  lastteleport: 1568799595009
ipAddress: 0:0:0:0:0:0:0:1
lastlocation:
  world: world
  x: 503.32198729247835
  y: 58.0
  z: 155.35309280312634
  yaw: 175.36237
  pitch: 7.929625
logoutlocation:
  world: world
  x: 667.4333522890447
  y: 65.0
  z: -23.612826157866156
  yaw: 59.871094
  pitch: 14.705053
money: '19222.6'
nickname: arcosanti
