lastAccountName: arcosanti
timestamps:
  login: 1569140484562
  logout: 1569141281527
  lastteleport: 1569141208516
ipAddress: 0:0:0:0:0:0:0:1
lastlocation:
  world: world
  x: 503.03069170636144
  y: 58.0
  z: 154.51032434661843
  yaw: 200.69995
  pitch: 21.899857
logoutlocation:
  world: world
  x: 165.30000001192093
  y: 205.0
  z: -3668.533618985111
  yaw: 89.10785
  pitch: 34.499973
money: '11638.6'
nickname: arcosanti
