lastAccountName: arcosanti
timestamps:
  login: 1566785642644
  logout: 1566786293334
  lastteleport: 1566760809161
ipAddress: 0:0:0:0:0:0:0:1
lastlocation:
  world: world
  x: 498.3102397354377
  y: 66.0
  z: 162.64042794705824
  yaw: 88.63965
  pitch: 1.4133269
logoutlocation:
  world: world
  x: 450.76681907849473
  y: 63.0
  z: 252.280168633718
  yaw: 192.89209
  pitch: 16.118814
money: '90.6'
nickname: arcosanti
