lastAccountName: arcosanti
timestamps:
  login: 1569642789556
  logout: 1569643223029
  lastteleport: 1569153638126
ipAddress: 0:0:0:0:0:0:0:1
lastlocation:
  world: world
  x: 700.6580345932831
  y: 58.0
  z: 93.63605756182855
  yaw: 104.911194
  pitch: 48.612614
logoutlocation:
  world: world
  x: 521.859952857215
  y: 56.0
  z: 191.12550544786518
  yaw: -83.822296
  pitch: 9.68177
money: '4494.6'
nickname: arcosanti
