lastAccountName: arcosanti
timestamps:
  login: 1568643255557
  logout: 1568645873641
  lastteleport: 1568615115894
ipAddress: 0:0:0:0:0:0:0:1
lastlocation:
  world: world
  x: -656.2720365699377
  y: 8.0
  z: -508.30994474965695
  yaw: -17.854807
  pitch: 53.341656
logoutlocation:
  world: world
  x: 475.8173731746717
  y: 64.0
  z: 246.35776862923314
  yaw: 356.51355
  pitch: 17.087847
money: '3890.6'
nickname: arcosanti
