lastAccountName: arcosanti
timestamps:
  login: 1568537215220
  logout: 1568541814545
  lastteleport: 1568303227279
ipAddress: 0:0:0:0:0:0:0:1
lastlocation:
  world: world
  x: 505.20207112353074
  y: 58.0
  z: 160.66531292594746
  yaw: 291.37585
  pitch: 17.70407
logoutlocation:
  world: world
  x: 245.44388363612674
  y: 63.0
  z: -754.7813579774491
  yaw: 299.32468
  pitch: 19.611317
money: '3890.6'
nickname: arcosanti
