lastAccountName: arcosanti
timestamps:
  login: 1568498077161
  logout: 1568511174879
  lastteleport: 1568303227279
ipAddress: 0:0:0:0:0:0:0:1
lastlocation:
  world: world
  x: 505.20207112353074
  y: 58.0
  z: 160.66531292594746
  yaw: 291.37585
  pitch: 17.70407
logoutlocation:
  world: world
  x: 475.45243655980545
  y: 64.0
  z: 246.4165609104626
  yaw: 182.60416
  pitch: 9.950661
money: '3890.6'
nickname: arcosanti
