lastAccountName: arcosanti
timestamps:
  login: 1567760809922
  logout: 1567760786498
  lastteleport: 1567760716131
ipAddress: 0:0:0:0:0:0:0:1
lastlocation:
  world: world
  x: 503.9702277940981
  y: 58.0
  z: 161.27950852236344
  yaw: 80.43994
  pitch: 15.150364
logoutlocation:
  world: world
  x: -20998.561090705793
  y: 11.0
  z: 1775.508685904281
  yaw: 20.573486
  pitch: 19.039976
money: '90.6'
nickname: arcosanti
