lastAccountName: arcosanti
timestamps:
  login: 1567519713864
  logout: 1567525190098
  lastteleport: 1567523420273
ipAddress: 0:0:0:0:0:0:0:1
lastlocation:
  world: world
  x: 1242.3455770516173
  y: 64.0
  z: -2794.973573451954
  yaw: 111.22888
  pitch: 25.892843
logoutlocation:
  world: world
  x: 1192.8829773319628
  y: 40.18578622614615
  z: -2829.1278210208066
  yaw: 187.00635
  pitch: 11.187353
money: '90.6'
nickname: arcosanti
