lastAccountName: arcosanti
timestamps:
  login: 1568598831278
  logout: 1568599334594
  lastteleport: 1568568787662
ipAddress: 0:0:0:0:0:0:0:1
lastlocation:
  world: world
  x: 428.69999998807907
  y: 106.0
  z: 72.5271722401911
  yaw: 274.09128
  pitch: 13.5652275
logoutlocation:
  world: world
  x: 496.7896784204959
  y: 72.0
  z: 161.19143998045365
  yaw: 104.956535
  pitch: 23.419544
money: '3890.6'
nickname: arcosanti
