lastAccountName: arcosanti
timestamps:
  login: 1569020541134
  logout: 1569020565769
  lastteleport: 1568907601630
ipAddress: 0:0:0:0:0:0:0:1
lastlocation:
  world: world
  x: 504.25267717662086
  y: 60.0
  z: 166.95156104002103
  yaw: 182.9504
  pitch: 14.269896
logoutlocation:
  world: world
  x: -646.4105461804876
  y: 10.0
  z: -500.9254196264081
  yaw: 158.08618
  pitch: -12.438024
money: '19222.6'
nickname: arcosanti
