lastAccountName: arcosanti
timestamps:
  login: 1568192519309
  logout: 1568197868796
  lastteleport: 1568195665180
ipAddress: 0:0:0:0:0:0:0:1
lastlocation:
  world: world_nether
  x: 265.21907772057676
  y: 67.0
  z: -211.90289849858698
  yaw: 78.79144
  pitch: -7.8331585
logoutlocation:
  world: world
  x: 513.2919937784461
  y: 78.0
  z: 142.44383934669168
  yaw: 326.29797
  pitch: 41.479927
money: '90.6'
nickname: arcosanti
