lastAccountName: arcosanti
timestamps:
  login: 1564767205312
  logout: 1564770134804
  lastteleport: 1564761097595
ipAddress: 0:0:0:0:0:0:0:1
lastlocation:
  world: world
  x: 497.1373515467878
  y: 66.0
  z: 161.89792210088086
  yaw: 174.02142
  pitch: 24.043505
logoutlocation:
  world: world
  x: 497.4380559494118
  y: 66.0
  z: 161.71855351166164
  yaw: 190.75793
  pitch: 9.422258
money: '90.6'
