lastAccountName: arcosanti
timestamps:
  login: 1568947607395
  logout: 1568948085589
  lastteleport: 1568907601630
ipAddress: 0:0:0:0:0:0:0:1
lastlocation:
  world: world
  x: 504.25267717662086
  y: 60.0
  z: 166.95156104002103
  yaw: 182.9504
  pitch: 14.269896
logoutlocation:
  world: world
  x: 699.7073084141529
  y: 67.0
  z: 91.78996578085088
  yaw: 118.99237
  pitch: 29.592043
money: '19222.6'
nickname: arcosanti
