lastAccountName: arcosanti
timestamps:
  login: 1567226405345
  logout: 1567228169729
  lastteleport: 1567090107174
ipAddress: 0:0:0:0:0:0:0:1
lastlocation:
  world: world
  x: 1990.368358475479
  y: 77.0
  z: 11772.499919958707
  yaw: 297.99536
  pitch: 39.71821
logoutlocation:
  world: world
  x: 500.88862839431494
  y: 58.0
  z: 144.131142910516
  yaw: 289.79367
  pitch: 17.438755
money: '90.6'
nickname: arcosanti
