lastAccountName: arcosanti
timestamps:
  login: 1566175930886
  logout: 1566181986456
  lastteleport: 1566148321588
ipAddress: 0:0:0:0:0:0:0:1
lastlocation:
  world: world
  x: -649.7624999880791
  y: 9.0
  z: -500.69999998807907
  yaw: 20.859985
  pitch: -5.6334295
logoutlocation:
  world: world
  x: -648.5856320173326
  y: 10.0
  z: -502.69999998807907
  yaw: 181.8377
  pitch: 4.8200316
money: '90.6'
