lastAccountName: arcosanti
timestamps:
  login: 1568727927621
  logout: 1568729396787
  lastteleport: 1568650426498
ipAddress: 0:0:0:0:0:0:0:1
lastlocation:
  world: world
  x: 503.68548581327434
  y: 58.0
  z: 156.76099750778252
  yaw: 166.29053
  pitch: 14.181862
logoutlocation:
  world: world
  x: 783.0490583129264
  y: 76.5
  z: 18.699999988079078
  yaw: -48.706818
  pitch: 19.04947
money: '19222.6'
nickname: arcosanti
