lastAccountName: arcosanti
timestamps:
  login: 1566925424102
  logout: 1566925761998
  lastteleport: 1566925722477
ipAddress: 0:0:0:0:0:0:0:1
lastlocation:
  world: world
  x: 456.12454075146974
  y: 63.0
  z: 252.76359663461164
  yaw: 87.76062
  pitch: 16.55914
logoutlocation:
  world: world
  x: -652.6954675887897
  y: 10.0
  z: -503.80745788036313
  yaw: 146.35968
  pitch: 1.7392554
money: '90.6'
nickname: arcosanti
