lastAccountName: arcosanti
timestamps:
  login: 1567006221542
  logout: 1567014319200
  lastteleport: 1567013989597
ipAddress: 0:0:0:0:0:0:0:1
lastlocation:
  world: world
  x: 499.31559917123656
  y: 66.0
  z: 163.73911644744345
  yaw: 342.24915
  pitch: 23.251879
logoutlocation:
  world: world
  x: 2115.3575773929238
  y: 69.0
  z: 11829.074845138459
  yaw: 211.13416
  pitch: 26.976114
money: '90.6'
nickname: arcosanti
