lastAccountName: arcosanti
timestamps:
  login: 1568891732442
  logout: 1568891833653
  lastteleport: 1568821393748
ipAddress: 0:0:0:0:0:0:0:1
lastlocation:
  world: world
  x: 498.6088998148625
  y: 66.0
  z: 161.1572047574553
  yaw: 119.677734
  pitch: 20.433977
logoutlocation:
  world: world
  x: 530.6378107091986
  y: 65.0
  z: 205.70866481561066
  yaw: 37.679325
  pitch: 22.547134
money: '19222.6'
nickname: arcosanti
