lastAccountName: arcosanti
timestamps:
  login: 1567509102564
  logout: 1567510667393
  lastteleport: 1567505298240
ipAddress: 0:0:0:0:0:0:0:1
lastlocation:
  world: world
  x: 497.3771141112746
  y: 60.0
  z: 160.62159995103687
  yaw: 115.14545
  pitch: 16.383322
logoutlocation:
  world: world
  x: -648.2514323826899
  y: 10.0
  z: -502.6165513995666
  yaw: 188.64238
  pitch: 29.389782
money: '90.6'
nickname: arcosanti
