lastAccountName: arcosanti
timestamps:
  login: 1568861518746
  logout: 1568862968417
  lastteleport: 1568821393748
ipAddress: 0:0:0:0:0:0:0:1
lastlocation:
  world: world
  x: 498.6088998148625
  y: 66.0
  z: 161.1572047574553
  yaw: 119.677734
  pitch: 20.433977
logoutlocation:
  world: world
  x: 497.2846936849439
  y: 66.0
  z: 171.0264958945476
  yaw: 268.09167
  pitch: 9.426609
money: '19222.6'
nickname: arcosanti
