lastAccountName: arcosanti
timestamps:
  login: 1568571498538
  logout: 1568573790420
  lastteleport: 1568568787662
ipAddress: 0:0:0:0:0:0:0:1
lastlocation:
  world: world
  x: 428.69999998807907
  y: 106.0
  z: 72.5271722401911
  yaw: 274.09128
  pitch: 13.5652275
logoutlocation:
  world: world
  x: 498.95700168380426
  y: 66.0
  z: 161.35941960310234
  yaw: 144.67432
  pitch: 26.413479
money: '3890.6'
nickname: arcosanti
