lastAccountName: arcosanti
timestamps:
  login: 1569014312791
  logout: 1569019823653
  lastteleport: 1568907601630
ipAddress: 0:0:0:0:0:0:0:1
lastlocation:
  world: world
  x: 504.25267717662086
  y: 60.0
  z: 166.95156104002103
  yaw: 182.9504
  pitch: 14.269896
logoutlocation:
  world: world
  x: -648.26137746186
  y: 10.0
  z: -500.62238718760614
  yaw: 187.14548
  pitch: 15.21237
money: '19222.6'
nickname: arcosanti
