lastAccountName: arcosanti
timestamps:
  login: 1568762760434
  logout: 1568765349661
  lastteleport: 1568650426498
ipAddress: 0:0:0:0:0:0:0:1
lastlocation:
  world: world
  x: 503.68548581327434
  y: 58.0
  z: 156.76099750778252
  yaw: 166.29053
  pitch: 14.181862
logoutlocation:
  world: world
  x: 501.0498333858018
  y: 58.0
  z: 143.22729205187932
  yaw: 304.99902
  pitch: 29.76844
money: '19222.6'
nickname: arcosanti
