lastAccountName: arcosanti
timestamps:
  login: 1568261617484
  logout: 1568263608028
  lastteleport: 1568260106146
ipAddress: 0:0:0:0:0:0:0:1
lastlocation:
  world: world
  x: 581.037671683422
  y: 82.0
  z: 56.34059604470636
  yaw: -200.70576
  pitch: 12.450063
logoutlocation:
  world: world
  x: 827.9249804144501
  y: 63.0
  z: -0.9256492613212952
  yaw: 0.55702823
  pitch: 7.5000196
money: '90.6'
nickname: arcosanti
