lastAccountName: arcosanti
timestamps:
  login: 1568680304378
  logout: 1568683809150
  lastteleport: 1568650426498
ipAddress: 0:0:0:0:0:0:0:1
lastlocation:
  world: world
  x: 503.68548581327434
  y: 58.0
  z: 156.76099750778252
  yaw: 166.29053
  pitch: 14.181862
logoutlocation:
  world: world
  x: 831.8916431087475
  y: 64.0
  z: 63.75104665400438
  yaw: -66.89015
  pitch: 61.73272
money: '19222.6'
nickname: arcosanti
