lastAccountName: arcosanti
timestamps:
  login: 1564147058478
  logout: 1564148859900
  lastteleport: 1563997311553
ipAddress: 0:0:0:0:0:0:0:1
lastlocation:
  world: world
  x: 476.36769877936473
  y: 11.0
  z: 83.48612930836373
  yaw: 92.174805
  pitch: 5.7266355
logoutlocation:
  world: world
  x: 441.3321161168437
  y: 125.9375
  z: 103.28909590249745
  yaw: 262.5453
  pitch: 34.500046
money: '90.6'
