lastAccountName: arcosanti
timestamps:
  login: 1568525640637
  logout: 1568525718356
  lastteleport: 1568303227279
ipAddress: 0:0:0:0:0:0:0:1
lastlocation:
  world: world
  x: 505.20207112353074
  y: 58.0
  z: 160.66531292594746
  yaw: 291.37585
  pitch: 17.70407
logoutlocation:
  world: world
  x: 831.632040176019
  y: 88.0
  z: 75.60103674492085
  yaw: 357.50696
  pitch: 39.982807
money: '3890.6'
nickname: arcosanti
