lastAccountName: arcosanti
timestamps:
  login: 1568303815145
  logout: 1568306745619
  lastteleport: 1568303227279
ipAddress: 0:0:0:0:0:0:0:1
lastlocation:
  world: world
  x: 505.20207112353074
  y: 58.0
  z: 160.66531292594746
  yaw: 291.37585
  pitch: 17.70407
logoutlocation:
  world: world
  x: 559.5670498149973
  y: 64.0
  z: 191.49952491274527
  yaw: 337.75797
  pitch: 19.817486
money: '90.6'
nickname: arcosanti
