lastAccountName: arcosanti
timestamps:
  login: 1567144716548
  logout: 1567145292796
  lastteleport: 1567090107174
ipAddress: 0:0:0:0:0:0:0:1
lastlocation:
  world: world
  x: 1990.368358475479
  y: 77.0
  z: 11772.499919958707
  yaw: 297.99536
  pitch: 39.71821
logoutlocation:
  world: world
  x: -648.3972920880901
  y: 10.0
  z: -502.69999998807907
  yaw: 183.08588
  pitch: 13.539059
money: '90.6'
nickname: arcosanti
