lastAccountName: arcosanti
timestamps:
  login: 1567405810679
  logout: 1567406297136
  lastteleport: 1567354828636
ipAddress: 0:0:0:0:0:0:0:1
lastlocation:
  world: world
  x: 490.11284645644713
  y: 66.0
  z: 163.9557721621206
  yaw: 46.214844
  pitch: 3.3500328
logoutlocation:
  world: world
  x: 634.6999999880791
  y: 80.0
  z: -16.30000001192093
  yaw: 120.878784
  pitch: 5.3754015
money: '90.6'
nickname: arcosanti
