lastAccountName: arcosanti
timestamps:
  login: 1567341284675
  logout: 1567345040054
  lastteleport: 1567341905541
ipAddress: 0:0:0:0:0:0:0:1
lastlocation:
  world: world
  x: 497.6625511145886
  y: 66.0
  z: 163.94168492700192
  yaw: 52.030273
  pitch: 27.197596
logoutlocation:
  world: world_nether
  x: 75.13511285361339
  y: 74.0
  z: -20.30000001192093
  yaw: 179.50214
  pitch: 24.660755
money: '90.6'
nickname: arcosanti
