lastAccountName: arcosanti
timestamps:
  login: 1567675567769
  logout: 1567680948646
  lastteleport: 1567600398429
ipAddress: 0:0:0:0:0:0:0:1
lastlocation:
  world: world
  x: 499.04323849583795
  y: 66.0
  z: 165.26103065273688
  yaw: 56.482056
  pitch: 29.417526
logoutlocation:
  world: world
  x: 501.5372022819438
  y: 72.0
  z: 159.86635894636953
  yaw: 141.56293
  pitch: 21.666811
money: '90.6'
nickname: arcosanti
