lastAccountName: arcosanti
timestamps:
  login: 1566727824772
  logout: 1566736831109
  lastteleport: 1566735340102
ipAddress: 0:0:0:0:0:0:0:1
lastlocation:
  world: world
  x: 497.23597633251825
  y: 60.0
  z: 163.21090457390378
  yaw: 194.23999
  pitch: 21.813368
logoutlocation:
  world: world
  x: 505.1005795212997
  y: 58.0
  z: 162.6106245476328
  yaw: 168.12805
  pitch: -66.74981
money: '90.6'
nickname: arcosanti
