lastAccountName: arcosanti
timestamps:
  login: 1567948140032
  logout: 1567951766894
  lastteleport: 1567946270004
ipAddress: 0:0:0:0:0:0:0:1
lastlocation:
  world: world
  x: 448.1691894134416
  y: 63.0
  z: 251.95272603144147
  yaw: 250.4914
  pitch: 18.363333
logoutlocation:
  world: world
  x: 630.5588882570911
  y: 64.0
  z: 18.594244513381394
  yaw: 298.49908
  pitch: 24.66335
money: '90.6'
nickname: arcosanti
