lastAccountName: arcosanti
timestamps:
  login: 1567145980206
  logout: 1567146440117
  lastteleport: 1567090107174
ipAddress: 0:0:0:0:0:0:0:1
lastlocation:
  world: world
  x: 1990.368358475479
  y: 77.0
  z: 11772.499919958707
  yaw: 297.99536
  pitch: 39.71821
logoutlocation:
  world: world
  x: 503.189603362057
  y: 58.0
  z: 152.22628032875667
  yaw: 233.0102
  pitch: 6.080451
money: '90.6'
nickname: arcosanti
