lastAccountName: arcosanti
timestamps:
  login: 1566182123585
  logout: 1566196454461
  lastteleport: 1566148321588
ipAddress: 0:0:0:0:0:0:0:1
lastlocation:
  world: world
  x: -649.7624999880791
  y: 9.0
  z: -500.69999998807907
  yaw: 20.859985
  pitch: -5.6334295
logoutlocation:
  world: world
  x: 499.33777928713664
  y: 66.0
  z: 161.54853987098602
  yaw: 354.7168
  pitch: 39.45421
money: '90.6'
