lastAccountName: arcosanti
timestamps:
  login: 1568318097142
  logout: 1568318141088
  lastteleport: 1568303227279
ipAddress: 0:0:0:0:0:0:0:1
lastlocation:
  world: world
  x: 505.20207112353074
  y: 58.0
  z: 160.66531292594746
  yaw: 291.37585
  pitch: 17.70407
logoutlocation:
  world: world
  x: 831.5071974727587
  y: 64.0
  z: 64.37027885758738
  yaw: 7.30274
  pitch: 45.53038
money: '90.6'
nickname: arcosanti
