lastAccountName: arcosanti
timestamps:
  login: 1566156089256
  logout: 1566156857403
  lastteleport: 1566148321588
ipAddress: 0:0:0:0:0:0:0:1
lastlocation:
  world: world
  x: -649.7624999880791
  y: 9.0
  z: -500.69999998807907
  yaw: 20.859985
  pitch: -5.6334295
logoutlocation:
  world: world
  x: 497.5552422204085
  y: 66.0
  z: 162.78068718479201
  yaw: 72.286865
  pitch: 50.013386
money: '90.6'
