lastAccountName: arcosanti
timestamps:
  login: 1567790727205
  logout: 1567799010402
  lastteleport: 1567796137033
ipAddress: 0:0:0:0:0:0:0:1
lastlocation:
  world: world
  x: 500.8855861102313
  y: 60.0
  z: 162.10311314520473
  yaw: 341.1399
  pitch: 19.28825
logoutlocation:
  world: world
  x: 494.299999974668
  y: 66.0000002
  z: 160.29999997466803
  yaw: 144.7334
  pitch: 0.0
money: '90.6'
nickname: arcosanti
