lastAccountName: arcosanti
timestamps:
  login: 1568260977387
  logout: 1568261516873
  lastteleport: 1568260106146
ipAddress: 0:0:0:0:0:0:0:1
lastlocation:
  world: world
  x: 581.037671683422
  y: 82.0
  z: 56.34059604470636
  yaw: -200.70576
  pitch: 12.450063
logoutlocation:
  world: world
  x: 919.8927733593766
  y: 64.0
  z: 43.560730412702675
  yaw: 329.43182
  pitch: 19.650177
money: '90.6'
nickname: arcosanti
