lastAccountName: arcosanti
timestamps:
  login: 1568084239101
  logout: 1568086768373
  lastteleport: 1567946270004
ipAddress: 0:0:0:0:0:0:0:1
lastlocation:
  world: world
  x: 448.1691894134416
  y: 63.0
  z: 251.95272603144147
  yaw: 250.4914
  pitch: 18.363333
logoutlocation:
  world: world
  x: 224.74944228644154
  y: 67.0
  z: -766.5886367860184
  yaw: -158.05038
  pitch: 33.876816
money: '90.6'
nickname: arcosanti
