lastAccountName: arcosanti
timestamps:
  login: 1568190969413
  logout: 1568192476918
  lastteleport: 1568179603492
ipAddress: 0:0:0:0:0:0:0:1
lastlocation:
  world: world
  x: 505.0601360647149
  y: 59.5
  z: 163.9898501224378
  yaw: 143.90625
  pitch: 29.50388
logoutlocation:
  world: world_nether
  x: 76.55279019572589
  y: 75.0
  z: -21.5
  yaw: 8.418094
  pitch: -17.25507
money: '90.6'
nickname: arcosanti
