lastAccountName: arcosanti
timestamps:
  login: 1568819758475
  logout: 1568821839445
  lastteleport: 1568821393748
ipAddress: 0:0:0:0:0:0:0:1
lastlocation:
  world: world
  x: 498.6088998148625
  y: 66.0
  z: 161.1572047574553
  yaw: 119.677734
  pitch: 20.433977
logoutlocation:
  world: world
  x: 497.94689935766587
  y: 60.0
  z: 163.51298439582305
  yaw: 73.31717
  pitch: 18.056458
money: '19222.6'
nickname: arcosanti
