lastAccountName: arcosanti
timestamps:
  login: 1567525341330
  logout: 1567527490851
  lastteleport: 1567527383643
ipAddress: 0:0:0:0:0:0:0:1
lastlocation:
  world: world
  x: 545.1526525793658
  y: 11.0
  z: 138.69999998807907
  yaw: 237.86157
  pitch: 14.974196
logoutlocation:
  world: world
  x: 505.6199541833927
  y: 58.0
  z: 159.25994710379544
  yaw: 39.817627
  pitch: -17.524725
money: '90.6'
nickname: arcosanti
