lastAccountName: arcosanti
timestamps:
  login: 1568610941814
  logout: 1568613847053
  lastteleport: 1568613609290
ipAddress: 0:0:0:0:0:0:0:1
lastlocation:
  world: world
  x: 498.3102397354377
  y: 66.0
  z: 162.64042794705824
  yaw: 98.59024
  pitch: 18.672815
logoutlocation:
  world: world
  x: 498.3102397354377
  y: 66.0
  z: 162.64042794705824
  yaw: 88.63965
  pitch: 1.4133269
money: '3890.6'
nickname: arcosanti
