lastAccountName: arcosanti
timestamps:
  login: 1566223106036
  logout: 1566224751915
  lastteleport: 1566214532552
ipAddress: 0:0:0:0:0:0:0:1
lastlocation:
  world: world
  x: 497.2168175724557
  y: 66.0
  z: 164.8682506591076
  yaw: 60.70935
  pitch: 12.949009
logoutlocation:
  world: world
  x: -7453.911264529519
  y: 31.0
  z: 148.69999998807907
  yaw: 234.61998
  pitch: 27.01114
money: '90.6'
