lastAccountName: arcosanti
timestamps:
  login: 1565966817096
  logout: 1565970554041
  lastteleport: 1565970422959
ipAddress: 0:0:0:0:0:0:0:1
lastlocation:
  world: world
  x: 462.44057808041725
  y: 64.0
  z: 252.89888449792366
  yaw: 122.08887
  pitch: 8.849815
logoutlocation:
  world: world
  x: 498.3102397354377
  y: 66.0
  z: 162.64042794705824
  yaw: 88.63965
  pitch: 0.36332676
money: '90.6'
