lastAccountName: arcosanti
timestamps:
  login: 1568818599913
  logout: 1568819660441
  lastteleport: 1568799595009
ipAddress: 0:0:0:0:0:0:0:1
lastlocation:
  world: world
  x: 503.32198729247835
  y: 58.0
  z: 155.35309280312634
  yaw: 175.36237
  pitch: 7.929625
logoutlocation:
  world: world
  x: 781.8713626046987
  y: 81.0
  z: 21.04396081258328
  yaw: 255.92603
  pitch: 14.701679
money: '19222.6'
nickname: arcosanti
