lastAccountName: arcosanti
timestamps:
  login: 1566546084184
  logout: 1566557464951
  lastteleport: 1566554431447
ipAddress: 0:0:0:0:0:0:0:1
lastlocation:
  world: world
  x: 1165.664794842636
  y: 14.0
  z: 1364.378148346352
  yaw: 32.053345
  pitch: -8.450191
logoutlocation:
  world: world
  x: 261.7792918752258
  y: 67.0
  z: -776.8477770147852
  yaw: 21.034912
  pitch: 34.933266
money: '90.6'
