lastAccountName: arcosanti
timestamps:
  login: 1566142737371
  logout: 1566153044664
  lastteleport: 1566148321588
ipAddress: 0:0:0:0:0:0:0:1
lastlocation:
  world: world
  x: -649.7624999880791
  y: 9.0
  z: -500.69999998807907
  yaw: 20.859985
  pitch: -5.6334295
logoutlocation:
  world: world
  x: 443.23750001192093
  y: 63.0
  z: 254.55284642298903
  yaw: 235.04248
  pitch: -12.986733
money: '90.6'
