lastAccountName: arcosanti
timestamps:
  login: 1569160942992
  logout: 1569163365594
  lastteleport: 1569153638126
ipAddress: 0:0:0:0:0:0:0:1
lastlocation:
  world: world
  x: 700.6580345932831
  y: 58.0
  z: 93.63605756182855
  yaw: 104.911194
  pitch: 48.612614
logoutlocation:
  world: world
  x: 830.6482769443999
  y: 75.0
  z: 71.33905851041106
  yaw: 332.59045
  pitch: 18.760416
money: '4494.6'
nickname: arcosanti
