lastAccountName: arcosanti
timestamps:
  login: 1568554323655
  logout: 1568554919018
  lastteleport: 1568303227279
ipAddress: 0:0:0:0:0:0:0:1
lastlocation:
  world: world
  x: 505.20207112353074
  y: 58.0
  z: 160.66531292594746
  yaw: 291.37585
  pitch: 17.70407
logoutlocation:
  world: world
  x: 510.03383598295
  y: 67.0
  z: 191.8718133453462
  yaw: -158.9111
  pitch: 19.112886
money: '3890.6'
nickname: arcosanti
