lastAccountName: arcosanti
timestamps:
  login: 1567821272831
  logout: 1567823288172
  lastteleport: 1567796137033
ipAddress: 0:0:0:0:0:0:0:1
lastlocation:
  world: world
  x: 500.8855861102313
  y: 60.0
  z: 162.10311314520473
  yaw: 341.1399
  pitch: 19.28825
logoutlocation:
  world: world
  x: 220.43539323790833
  y: 67.0
  z: -768.8116729595259
  yaw: -232.0189
  pitch: 8.339886
money: '90.6'
nickname: arcosanti
