lastAccountName: arcosanti
timestamps:
  login: 1569371916674
  logout: 1569376710310
  lastteleport: 1569153638126
ipAddress: 0:0:0:0:0:0:0:1
lastlocation:
  world: world
  x: 700.6580345932831
  y: 58.0
  z: 93.63605756182855
  yaw: 104.911194
  pitch: 48.612614
logoutlocation:
  world: world
  x: 650.3290101488471
  y: 65.0
  z: 73.66207949738352
  yaw: 310.10873
  pitch: 17.880106
money: '4494.6'
nickname: arcosanti
