lastAccountName: arcosanti
timestamps:
  login: 1567430755391
  logout: 1567438033190
  lastteleport: 1567435277395
ipAddress: 0:0:0:0:0:0:0:1
lastlocation:
  world: world
  x: -4.750787088875
  y: 69.0
  z: 216.6821641108509
  yaw: -139.25946
  pitch: 9.791793
logoutlocation:
  world: world
  x: 189.97639548064475
  y: 74.0
  z: -780.6077140318415
  yaw: 1.5730232
  pitch: 29.121605
money: '90.6'
nickname: arcosanti
