lastAccountName: lanzkiez123
timestamps:
  login: 1571578181365
  lastteleport: 1571581318404
  logout: 1571583134364
ipAddress: 0:0:0:0:0:0:0:1
lastlocation:
  world: world
  x: 14636.731154486695
  y: 39.0
  z: 14685.440552575585
  yaw: 323.7661
  pitch: 23.834425
logoutlocation:
  world: world
  x: 15008.354741922078
  y: 64.0
  z: 14988.869834472183
  yaw: -181.12598
  pitch: 35.29527
