lastAccountName: lanzkiez123
timestamps:
  login: 1571229449097
  lastteleport: 1571151432500
  logout: 1571231145368
ipAddress: 0:0:0:0:0:0:0:1
lastlocation:
  world: world
  x: -6.4456741849094765
  y: 69.0
  z: 216.26515229293813
  yaw: -7.0808105
  pitch: 14.656747
logoutlocation:
  world: world
  x: 834.9779754729855
  y: 64.0
  z: -1223.803037320025
  yaw: -204.57428
  pitch: 28.209152
