lastAccountName: lanzkiez123
timestamps:
  login: 1571145712450
  lastteleport: 1571151432500
  logout: 1571151719661
ipAddress: 0:0:0:0:0:0:0:1
lastlocation:
  world: world
  x: -6.4456741849094765
  y: 69.0
  z: 216.26515229293813
  yaw: -7.0808105
  pitch: 14.656747
logoutlocation:
  world: world
  x: 844.9840533128088
  y: 65.0
  z: -1220.7739776071107
  yaw: -157.40186
  pitch: 26.446062
