lastAccountName: lanzkiez123
timestamps:
  login: 1570952334334
  lastteleport: 1570951591777
  logout: 1570952616387
ipAddress: 0:0:0:0:0:0:0:1
lastlocation:
  world: world
  x: 837.2993443744057
  y: 28.0
  z: -1226.5299542918933
  yaw: -173.11989
  pitch: 21.598984
logoutlocation:
  world: world
  x: 845.4284236741299
  y: 64.0
  z: -1232.8881388196444
  yaw: 262.16718
  pitch: 41.623756
