lastAccountName: lanzkiez123
timestamps:
  login: 1571142460400
  lastteleport: 1571142704173
  logout: 1571144455539
ipAddress: 0:0:0:0:0:0:0:1
lastlocation:
  world: world
  x: 837.2993443744057
  y: 28.0
  z: -1226.5299542918933
  yaw: -173.11989
  pitch: 21.598984
logoutlocation:
  world: world
  x: 845.6964110943492
  y: 65.0
  z: -1222.2811116167318
  yaw: -41.220703
  pitch: -20.726421
