lastAccountName: lanzkiez123
timestamps:
  login: 1571163770590
  lastteleport: 1571151432500
  logout: 1571164037503
ipAddress: 0:0:0:0:0:0:0:1
lastlocation:
  world: world
  x: -6.4456741849094765
  y: 69.0
  z: 216.26515229293813
  yaw: -7.0808105
  pitch: 14.656747
logoutlocation:
  world: world
  x: 843.6584797455221
  y: 65.0
  z: -1228.1790616949804
  yaw: -0.6809082
  pitch: 21.352629
