lastAccountName: Solenique
timestamps:
  login: 1564830282380
  lastteleport: 1564833407922
  logout: 1564835462536
ipAddress: 0:0:0:0:0:0:0:1
lastlocation:
  world: world
  x: 1119.5819065884389
  y: 67.0
  z: -564.8046678492776
  yaw: 140.06848
  pitch: 25.050413
logoutlocation:
  world: world
  x: 1239.5869711577168
  y: 77.0
  z: -494.6832432750159
  yaw: 313.08344
  pitch: 15.899952
