lastAccountName: Miknuget
timestamps:
  login: 1563717056136
  logout: 1563721656564
ipAddress: 0:0:0:0:0:0:0:1
lastlocation:
  world: world
  x: -11.5
  y: 68.0
  z: 224.5
  yaw: 5.820772
  pitch: 0.0
logoutlocation:
  world: world
  x: 689.0441060349808
  y: 81.0
  z: 125.0080089594345
  yaw: 29.413086
  pitch: 29.400133
