lastAccountName: big_tasty
timestamps:
  login: 1568201666472
  lastteleport: 1568192741831
  logout: 1568202751313
ipAddress: 0:0:0:0:0:0:0:1
lastlocation:
  world: world
  x: 499.1469989575417
  y: 60.0
  z: 163.04856116766675
  yaw: -25.693584
  pitch: 14.4446945
logoutlocation:
  world: world
  x: 785.6042556538387
  y: 76.0
  z: 16.180023428191163
  yaw: -105.53655
  pitch: 6.6286793
nickname: big_tasty
