lastAccountName: big_tasty
timestamps:
  login: 1568570928894
  lastteleport: 1568564526112
  logout: 1568571634077
ipAddress: 0:0:0:0:0:0:0:1
lastlocation:
  world: world
  x: -6.4456741849094765
  y: 69.0
  z: 216.26515229293813
  yaw: -180.08084
  pitch: 0.84743613
logoutlocation:
  world: world
  x: 501.69999998807907
  y: 66.0
  z: 165.4754326707686
  yaw: 272.66653
  pitch: 11.839283
nickname: big_tasty
