lastAccountName: big_tasty
timestamps:
  login: 1567418590985
  lastteleport: 1567360952186
  logout: 1567420802178
ipAddress: 0:0:0:0:0:0:0:1
lastlocation:
  world: world
  x: 496.91910423901203
  y: 60.0
  z: 164.7342789026285
  yaw: -76.49205
  pitch: 18.04891
logoutlocation:
  world: world
  x: 459.65680544129367
  y: 11.0
  z: 141.02557426592486
  yaw: -176.66675
  pitch: 13.425283
nickname: big_tasty
