lastAccountName: big_tasty
timestamps:
  login: 1566839049609
  lastteleport: 1566752126844
  logout: 1566840024348
ipAddress: 0:0:0:0:0:0:0:1
lastlocation:
  world: world
  x: 482.9118309491472
  y: 63.0
  z: 162.2690946051122
  yaw: 88.16096
  pitch: 23.959902
logoutlocation:
  world: world
  x: 497.89962469877185
  y: 72.0
  z: 163.19075405213306
  yaw: 269.5141
  pitch: 17.897636
nickname: big_tasty
