lastAccountName: big_tasty
timestamps:
  login: 1567005181235
  lastteleport: 1566752126844
  logout: 1567014320504
ipAddress: 0:0:0:0:0:0:0:1
lastlocation:
  world: world
  x: 482.9118309491472
  y: 63.0
  z: 162.2690946051122
  yaw: 88.16096
  pitch: 23.959902
logoutlocation:
  world: world
  x: 2116.014979947604
  y: 69.0
  z: 11827.877778728996
  yaw: 30.951204
  pitch: 12.007292
nickname: big_tasty
