lastAccountName: big_tasty
timestamps:
  login: 1569643061088
  lastteleport: 1569162517765
  logout: 1569643086132
ipAddress: 0:0:0:0:0:0:0:1
lastlocation:
  world: world
  x: 537.2418177881164
  y: 87.0
  z: 188.60801647085114
  yaw: -38.468727
  pitch: 0.05865031
logoutlocation:
  world: world
  x: 500.2764478016484
  y: 66.0
  z: 162.5056319354981
  yaw: 51.235107
  pitch: -2.2070067
nickname: big_tasty
