lastAccountName: big_tasty
timestamps:
  login: 1566573884350
  lastteleport: 1566577214399
  logout: 1566584567111
ipAddress: 0:0:0:0:0:0:0:1
lastlocation:
  world: world
  x: -1294.683405207832
  y: 13.0
  z: 10.698282251407104
  yaw: -125.01665
  pitch: 17.84302
logoutlocation:
  world: world
  x: 495.6594996968664
  y: 60.0
  z: 161.03315288274868
  yaw: 64.14801
  pitch: 21.507383
