lastAccountName: big_tasty
timestamps:
  login: 1569828447635
  lastteleport: 1569162517765
  logout: 1569831501156
ipAddress: 0:0:0:0:0:0:0:1
lastlocation:
  world: world
  x: 537.2418177881164
  y: 87.0
  z: 188.60801647085114
  yaw: -38.468727
  pitch: 0.05865031
logoutlocation:
  world: world
  x: 498.5464209612617
  y: 66.0
  z: 162.60239495640198
  yaw: 197.59314
  pitch: -21.807806
nickname: big_tasty
