lastAccountName: big_tasty
timestamps:
  login: 1566925927046
  lastteleport: 1566752126844
  logout: 1566930944828
ipAddress: 0:0:0:0:0:0:0:1
lastlocation:
  world: world
  x: 482.9118309491472
  y: 63.0
  z: 162.2690946051122
  yaw: 88.16096
  pitch: 23.959902
logoutlocation:
  world: world
  x: 498.2817626865569
  y: 66.0
  z: 162.95337561776668
  yaw: 83.00391
  pitch: 18.862497
nickname: big_tasty
