lastAccountName: big_tasty
timestamps:
  login: 1568999775865
  lastteleport: 1568908068380
  logout: 1569005393979
ipAddress: 0:0:0:0:0:0:0:1
lastlocation:
  world: world
  x: -6.4456741849094765
  y: 69.0
  z: 216.26515229293813
  yaw: -158.2185
  pitch: -1.5313665
logoutlocation:
  world: world
  x: 497.2409603129962
  y: 72.0
  z: 163.70911446377164
  yaw: -321.54327
  pitch: -6.1715765
nickname: big_tasty
