lastAccountName: big_tasty
timestamps:
  login: 1568819738280
  lastteleport: 1568818783673
  logout: 1568829460120
ipAddress: 0:0:0:0:0:0:0:1
lastlocation:
  world: world
  x: 455.5624059010323
  y: 64.0
  z: 251.97787398653907
  yaw: 324.69287
  pitch: 1.8709775
logoutlocation:
  world: world
  x: 499.1892902823219
  y: 66.0
  z: 162.40438416552098
  yaw: 85.88672
  pitch: 16.25317
nickname: big_tasty
