lastAccountName: big_tasty
timestamps:
  login: 1569076981834
  lastteleport: 1568908068380
  logout: 1569082335100
ipAddress: 0:0:0:0:0:0:0:1
lastlocation:
  world: world
  x: 533.6807786204606
  y: 84.33293275542411
  z: 182.34643277716754
  yaw: -14.874084
  pitch: 80.37153
logoutlocation:
  world: world
  x: 784.7233826301357
  y: 76.0
  z: 17.163515760884252
  yaw: -172.00237
  pitch: 15.350846
nickname: big_tasty
