lastAccountName: big_tasty
timestamps:
  login: 1567597149939
  lastteleport: 1567591579796
  logout: 1567597668323
ipAddress: 0:0:0:0:0:0:0:1
lastlocation:
  world: world
  x: 499.3969440948967
  y: 66.0
  z: 161.12774391296466
  yaw: 358.33765
  pitch: 16.749784
logoutlocation:
  world: world
  x: 784.6999999880791
  y: 76.0
  z: 10.353041755635697
  yaw: -189.22522
  pitch: 21.241133
nickname: big_tasty
