lastAccountName: big_tasty
timestamps:
  login: 1566545134791
  lastteleport: 1566553387297
  logout: 1566554038406
ipAddress: 0:0:0:0:0:0:0:1
lastlocation:
  world: world
  x: 1154.871587153523
  y: 11.0
  z: 1371.2464407588827
  yaw: -141.14551
  pitch: -11.608673
logoutlocation:
  world: world
  x: 499.6690886988544
  y: 66.0
  z: 164.37761095850666
  yaw: 359.5835
  pitch: 20.148111
