lastAccountName: big_tasty
timestamps:
  login: 1567678636199
  lastteleport: 1567599121280
  logout: 1567684696042
ipAddress: 0:0:0:0:0:0:0:1
lastlocation:
  world: world
  x: 498.40952557680384
  y: 66.0
  z: 162.8894505830877
  yaw: 80.68924
  pitch: 23.31984
logoutlocation:
  world: world
  x: 781.3906740660975
  y: 76.0
  z: 14.355223751807829
  yaw: -284.69928
  pitch: 55.337467
nickname: big_tasty
