lastAccountName: big_tasty
timestamps:
  login: 1568817655333
  lastteleport: 1568818783673
  logout: 1568819660384
ipAddress: 0:0:0:0:0:0:0:1
lastlocation:
  world: world
  x: 455.5624059010323
  y: 64.0
  z: 251.97787398653907
  yaw: 324.69287
  pitch: 1.8709775
logoutlocation:
  world: world
  x: 782.5544892385792
  y: 81.0
  z: 20.758227365764245
  yaw: 73.94235
  pitch: 19.54223
nickname: big_tasty
