lastAccountName: big_tasty
timestamps:
  login: 1569054762490
  lastteleport: 1568908068380
  logout: 1569064445521
ipAddress: 0:0:0:0:0:0:0:1
lastlocation:
  world: world
  x: -6.4456741849094765
  y: 69.0
  z: 216.26515229293813
  yaw: -158.2185
  pitch: -1.5313665
logoutlocation:
  world: world
  x: -21294.93135052205
  y: 11.0
  z: 1993.6854623655015
  yaw: 105.77734
  pitch: 10.760881
nickname: big_tasty
