lastAccountName: big_tasty
timestamps:
  login: 1566572159941
  lastteleport: 1566572385072
  logout: 1566573782321
ipAddress: 0:0:0:0:0:0:0:1
lastlocation:
  world: world
  x: -6.4456741849094765
  y: 69.0
  z: 216.26515229293813
  yaw: -183.47906
  pitch: -3.3437788
logoutlocation:
  world: world
  x: 480.81095308469367
  y: 68.0
  z: 189.70890400882482
  yaw: 50.42908
  pitch: 23.44502
