lastAccountName: big_tasty
timestamps:
  login: 1567696075001
  lastteleport: 1567689180606
  logout: 1567699261973
ipAddress: 0:0:0:0:0:0:0:1
lastlocation:
  world: world
  x: 785.0186867762982
  y: 76.0
  z: 14.83149642647944
  yaw: -0.28582764
  pitch: 7.2497087
logoutlocation:
  world: world
  x: -21136.807703366096
  y: 11.0
  z: 1990.4006731913357
  yaw: 258.82782
  pitch: 44.970413
nickname: big_tasty
