lastAccountName: big_tasty
timestamps:
  login: 1566225756049
  lastteleport: 1566223674552
  logout: 1566229388857
ipAddress: 0:0:0:0:0:0:0:1
lastlocation:
  world: world
  x: 497.99523552299297
  y: 66.0
  z: 162.32919799254344
  yaw: 352.18384
  pitch: 10.972652
logoutlocation:
  world: world
  x: 498.8742913929886
  y: 66.0
  z: 163.86063939973113
  yaw: 83.51422
  pitch: 17.089567
