lastAccountName: big_tasty
timestamps:
  login: 1566724603068
  lastteleport: 1566725274253
  logout: 1566726652473
ipAddress: 0:0:0:0:0:0:0:1
lastlocation:
  world: world
  x: 499.37362766051956
  y: 60.0
  z: 163.88315813242997
  yaw: 238.02893
  pitch: -20.33113
logoutlocation:
  world: world
  x: 499.247036118458
  y: 60.0
  z: 161.67674512304302
  yaw: 81.258545
  pitch: -0.62101364
nickname: big_tasty
