lastAccountName: big_tasty
timestamps:
  login: 1567754766861
  lastteleport: 1567756099183
  logout: 1567757202310
ipAddress: 0:0:0:0:0:0:0:1
lastlocation:
  world: world
  x: 498.6020588772778
  y: 60.0
  z: 162.37929717592613
  yaw: 90.8837
  pitch: 23.167019
logoutlocation:
  world: world
  x: -21028.40065434466
  y: 14.0
  z: 1853.4478194239434
  yaw: -11.4489565
  pitch: -2.4334033
nickname: big_tasty
