lastAccountName: big_tasty
timestamps:
  login: 1566063019848
  lastteleport: 1565969718397
  logout: 1566063062907
ipAddress: 0:0:0:0:0:0:0:1
lastlocation:
  world: world
  x: 497.53567370751273
  y: 66.0
  z: 162.9391045572642
  yaw: 270.761
  pitch: 6.851062
logoutlocation:
  world: world
  x: 495.63234936578164
  y: 72.0
  z: 161.4558805069787
  yaw: -146.00316
  pitch: 32.115868
