lastAccountName: big_tasty
timestamps:
  login: 1566142751461
  lastteleport: 1565969718397
  logout: 1566153044656
ipAddress: 0:0:0:0:0:0:0:1
lastlocation:
  world: world
  x: 497.53567370751273
  y: 66.0
  z: 162.9391045572642
  yaw: 270.761
  pitch: 6.851062
logoutlocation:
  world: world
  x: 249.847247905984
  y: 76.0
  z: -755.5298502327848
  yaw: 283.00098
  pitch: -36.642807
