lastAccountName: big_tasty
timestamps:
  login: 1566399529503
  lastteleport: 1566223674552
  logout: 1566399573768
ipAddress: 0:0:0:0:0:0:0:1
lastlocation:
  world: world
  x: 497.99523552299297
  y: 66.0
  z: 162.32919799254344
  yaw: 352.18384
  pitch: 10.972652
logoutlocation:
  world: world
  x: 496.9077433131188
  y: 66.0
  z: 161.6368891480304
  yaw: 167.33858
  pitch: 32.495155
