lastAccountName: big_tasty
timestamps:
  login: 1566923669343
  lastteleport: 1566752126844
  logout: 1566925761989
ipAddress: 0:0:0:0:0:0:0:1
lastlocation:
  world: world
  x: 482.9118309491472
  y: 63.0
  z: 162.2690946051122
  yaw: 88.16096
  pitch: 23.959902
logoutlocation:
  world: world
  x: -653.8067018872584
  y: 10.0
  z: -504.6850650210824
  yaw: 299.09827
  pitch: 25.569656
nickname: big_tasty
