lastAccountName: big_tasty
timestamps:
  login: 1568903721101
  lastteleport: 1568905897986
  logout: 1568906514748
ipAddress: 0:0:0:0:0:0:0:1
lastlocation:
  world: world
  x: -21312.58434077149
  y: 9.0
  z: 2002.7261751516842
  yaw: -305.73248
  pitch: 7.421465
logoutlocation:
  world: world
  x: 239.84403403846704
  y: 63.0
  z: 679.4233937553621
  yaw: 217.02977
  pitch: 18.065596
nickname: big_tasty
