lastAccountName: big_tasty
timestamps:
  login: 1567438227215
  lastteleport: 1567444509714
  logout: 1567445319648
ipAddress: 0:0:0:0:0:0:0:1
lastlocation:
  world: world_nether
  x: 76.09249166966912
  y: 75.0
  z: 1035.254067252872
  yaw: 5.0693665
  pitch: 0.6210004
logoutlocation:
  world: world
  x: 497.76961589000945
  y: 72.0
  z: 168.22523032974556
  yaw: -83.99887
  pitch: 35.327152
nickname: big_tasty
