lastAccountName: big_tasty
timestamps:
  login: 1566202647659
  lastteleport: 1566208432907
  logout: 1566210513814
ipAddress: 0:0:0:0:0:0:0:1
lastlocation:
  world: world
  x: 476.53071630695683
  y: 76.0
  z: -7.7080347830007465
  yaw: 322.66187
  pitch: 22.030231
logoutlocation:
  world: world
  x: 496.72042359782466
  y: 66.0
  z: 162.76775438020488
  yaw: 250.95947
  pitch: -22.709665
