lastAccountName: big_tasty
timestamps:
  login: 1567757336878
  lastteleport: 1567759038431
  logout: 1567757202310
ipAddress: 0:0:0:0:0:0:0:1
lastlocation:
  world: world
  x: 497.70560381301914
  y: 60.0
  z: 161.80803839560252
  yaw: -133.86462
  pitch: 28.491072
logoutlocation:
  world: world
  x: -21028.40065434466
  y: 14.0
  z: 1853.4478194239434
  yaw: -11.4489565
  pitch: -2.4334033
nickname: big_tasty
