lastAccountName: big_tasty
timestamps:
  login: 1567517626196
  lastteleport: 1567444509714
  logout: 1567525190108
ipAddress: 0:0:0:0:0:0:0:1
lastlocation:
  world: world_nether
  x: 76.09249166966912
  y: 75.0
  z: 1035.254067252872
  yaw: 5.0693665
  pitch: 0.6210004
logoutlocation:
  world: world
  x: 503.4932064507215
  y: 58.0
  z: 145.04429324267994
  yaw: -278.27637
  pitch: 6.3283544
nickname: big_tasty
