lastAccountName: big_tasty
timestamps:
  login: 1567525347764
  lastteleport: 1567444509714
  logout: 1567527993104
ipAddress: 0:0:0:0:0:0:0:1
lastlocation:
  world: world_nether
  x: 76.09249166966912
  y: 75.0
  z: 1035.254067252872
  yaw: 5.0693665
  pitch: 0.6210004
logoutlocation:
  world: world
  x: 499.51241105554067
  y: 66.0
  z: 162.15263157382947
  yaw: -296.4879
  pitch: 37.70575
nickname: big_tasty
