lastAccountName: big_tasty
timestamps:
  login: 1568276353857
  lastteleport: 1568192741831
  logout: 1568276444694
ipAddress: 0:0:0:0:0:0:0:1
lastlocation:
  world: world
  x: 499.1469989575417
  y: 60.0
  z: 163.04856116766675
  yaw: -25.693584
  pitch: 14.4446945
logoutlocation:
  world: world
  x: 726.6565482981043
  y: 78.0
  z: -179.1394360052644
  yaw: 3.0714111
  pitch: 20.901125
nickname: big_tasty
