lastAccountName: big_tasty
timestamps:
  login: 1566661001374
  lastteleport: 1566658337273
  logout: 1566666628388
ipAddress: 0:0:0:0:0:0:0:1
lastlocation:
  world: world
  x: 454.85682148027536
  y: 20.0
  z: -252.62552252661436
  yaw: -286.80777
  pitch: 14.557955
logoutlocation:
  world: world
  x: 498.68065390598787
  y: 60.0
  z: 163.6615733330661
  yaw: 233.76855
  pitch: -10.136268
nickname: big_tasty
