lastAccountName: big_tasty
timestamps:
  login: 1569336339853
  lastteleport: 1569162517765
  logout: 1569339866249
ipAddress: 0:0:0:0:0:0:0:1
lastlocation:
  world: world
  x: 537.2418177881164
  y: 87.0
  z: 188.60801647085114
  yaw: -38.468727
  pitch: 0.05865031
logoutlocation:
  world: world
  x: 499.0647208057484
  y: 66.0
  z: 161.6572918072116
  yaw: 80.35571
  pitch: 13.0853
nickname: big_tasty
