lastAccountName: big_tasty
timestamps:
  login: 1566124039742
  lastteleport: 1565969718397
  logout: 1566124073027
ipAddress: 0:0:0:0:0:0:0:1
lastlocation:
  world: world
  x: 497.53567370751273
  y: 66.0
  z: 162.9391045572642
  yaw: 270.761
  pitch: 6.851062
logoutlocation:
  world: world
  x: 497.4877413292966
  y: 66.0
  z: 162.24718979907487
  yaw: 319.2047
  pitch: 15.0111265
