lastAccountName: big_tasty
timestamps:
  login: 1567788174612
  lastteleport: 1567794636383
  logout: 1567796647855
ipAddress: 0:0:0:0:0:0:0:1
lastlocation:
  world: world
  x: -6.4456741849094765
  y: 69.0
  z: 216.26515229293813
  yaw: -185.40485
  pitch: 0.16777807
logoutlocation:
  world: world
  x: 783.2702324151949
  y: 76.0
  z: 13.844618409629634
  yaw: 124.463135
  pitch: 18.182896
nickname: big_tasty
