lastAccountName: big_tasty
timestamps:
  login: 1566651711660
  lastteleport: 1566658337273
  logout: 1566660918831
ipAddress: 0:0:0:0:0:0:0:1
lastlocation:
  world: world
  x: 454.85682148027536
  y: 20.0
  z: -252.62552252661436
  yaw: -286.80777
  pitch: 14.557955
logoutlocation:
  world: world
  x: 456.12953525563523
  y: 33.0
  z: -209.8325017338958
  yaw: 7.366913
  pitch: 10.140203
nickname: big_tasty
