lastAccountName: big_tasty
timestamps:
  login: 1566742747295
  lastteleport: 1566748627667
  logout: 1566751594327
ipAddress: 0:0:0:0:0:0:0:1
lastlocation:
  world: world
  x: 153.9911351433547
  y: 48.0
  z: -2381.349025543239
  yaw: 208.55292
  pitch: 11.046473
logoutlocation:
  world: world
  x: 495.49602313546194
  y: 66.0
  z: 159.94180550668779
  yaw: 178.32935
  pitch: 12.972109
nickname: big_tasty
