lastAccountName: big_tasty
timestamps:
  login: 1566836270822
  lastteleport: 1566752126844
  logout: 1566838971505
ipAddress: 0:0:0:0:0:0:0:1
lastlocation:
  world: world
  x: 482.9118309491472
  y: 63.0
  z: 162.2690946051122
  yaw: 88.16096
  pitch: 23.959902
logoutlocation:
  world: world
  x: 499.6797794349721
  y: 66.0
  z: 164.92877814445686
  yaw: 350.52087
  pitch: 19.241892
nickname: big_tasty
