lastAccountName: big_tasty
timestamps:
  login: 1566218704078
  lastteleport: 1566223674552
  logout: 1566225649061
ipAddress: 0:0:0:0:0:0:0:1
lastlocation:
  world: world
  x: 497.99523552299297
  y: 66.0
  z: 162.32919799254344
  yaw: 352.18384
  pitch: 10.972652
logoutlocation:
  world: world
  x: -7457.16334386769
  y: 8.0
  z: 77.0367295881601
  yaw: 67.99335
  pitch: 37.775726
