lastAccountName: big_tasty
timestamps:
  login: 1567785372069
  lastteleport: 1567786504856
  logout: 1567788025151
ipAddress: 0:0:0:0:0:0:0:1
lastlocation:
  world: world
  x: 783.3717097364893
  y: 73.0
  z: -6.80807626357974
  yaw: 168.74461
  pitch: 25.545937
logoutlocation:
  world: world
  x: 783.8578372476679
  y: 76.0
  z: 18.4846333753164
  yaw: 279.8182
  pitch: 9.401868
nickname: big_tasty
