lastAccountName: big_tasty
timestamps:
  login: 1567576985579
  lastteleport: 1567444509714
  logout: 1567583154851
ipAddress: 0:0:0:0:0:0:0:1
lastlocation:
  world: world_nether
  x: 76.09249166966912
  y: 75.0
  z: 1035.254067252872
  yaw: 5.0693665
  pitch: 0.6210004
logoutlocation:
  world: world
  x: -21311.724045741168
  y: 10.0
  z: 2006.7430917313256
  yaw: -288.11862
  pitch: -5.831878
nickname: big_tasty
