lastAccountName: big_tasty
timestamps:
  login: 1568204761654
  lastteleport: 1568192741831
  logout: 1568204811717
ipAddress: 0:0:0:0:0:0:0:1
lastlocation:
  world: world
  x: 499.1469989575417
  y: 60.0
  z: 163.04856116766675
  yaw: -25.693584
  pitch: 14.4446945
logoutlocation:
  world: world
  x: 714.8664940562287
  y: 73.0
  z: -168.22796115327893
  yaw: 173.90106
  pitch: 8.327502
nickname: big_tasty
