lastAccountName: big_tasty
timestamps:
  login: 1567179199939
  lastteleport: 1567089829875
  logout: 1567183012999
ipAddress: 0:0:0:0:0:0:0:1
lastlocation:
  world: world
  x: 498.10228583546456
  y: 60.0
  z: 162.8275757082032
  yaw: 269.0603
  pitch: 14.104913
logoutlocation:
  world: world
  x: 497.69716663050843
  y: 72.0
  z: 163.05196386538103
  yaw: 269.41458
  pitch: 11.722144
nickname: big_tasty
