lastAccountName: big_tasty
timestamps:
  login: 1568789700202
  lastteleport: 1568564526112
  logout: 1568790753448
ipAddress: 0:0:0:0:0:0:0:1
lastlocation:
  world: world
  x: -6.4456741849094765
  y: 69.0
  z: 216.26515229293813
  yaw: -180.08084
  pitch: 0.84743613
logoutlocation:
  world: world
  x: 494.33494300259645
  y: 72.0
  z: 164.31312563537637
  yaw: 77.12537
  pitch: 4.363085
nickname: big_tasty
