lastAccountName: big_tasty
timestamps:
  login: 1566153126442
  lastteleport: 1565969718397
  logout: 1566156279398
ipAddress: 0:0:0:0:0:0:0:1
lastlocation:
  world: world
  x: 497.53567370751273
  y: 66.0
  z: 162.9391045572642
  yaw: 270.761
  pitch: 6.851062
logoutlocation:
  world: world
  x: 225.44438511501988
  y: 68.0
  z: -764.6672535404792
  yaw: -94.6315
  pitch: 10.14045
