lastAccountName: big_tasty
timestamps:
  login: 1565989819309
  lastteleport: 1565969718397
  logout: 1565991347840
ipAddress: 0:0:0:0:0:0:0:1
lastlocation:
  world: world
  x: 497.53567370751273
  y: 66.0
  z: 162.9391045572642
  yaw: 270.761
  pitch: 6.851062
logoutlocation:
  world: world
  x: 497.86439257375247
  y: 72.0
  z: 162.89656234157243
  yaw: 89.63745
  pitch: 29.397083
