lastAccountName: big_tasty
timestamps:
  login: 1564851388231
  lastteleport: 1564756346395
  logout: 1564859322821
ipAddress: 0:0:0:0:0:0:0:1
lastlocation:
  world: world
  x: -6.4456741849094765
  y: 69.0
  z: 216.26515229293813
  yaw: -219.27516
  pitch: 1.0739778
logoutlocation:
  world: world
  x: 500.67271178236825
  y: 60.0
  z: 164.74616684702536
  yaw: 117.48633
  pitch: 6.1745143
