lastAccountName: big_tasty
timestamps:
  login: 1569162310208
  lastteleport: 1569162517765
  logout: 1569163559996
ipAddress: 0:0:0:0:0:0:0:1
lastlocation:
  world: world
  x: 537.2418177881164
  y: 87.0
  z: 188.60801647085114
  yaw: -38.468727
  pitch: 0.05865031
logoutlocation:
  world: world
  x: 830.8284755487068
  y: 63.0
  z: 70.31579571564433
  yaw: -27.685791
  pitch: 29.057419
nickname: big_tasty
