lastAccountName: big_tasty
timestamps:
  login: 1566067924506
  lastteleport: 1565969718397
  logout: 1566067974536
ipAddress: 0:0:0:0:0:0:0:1
lastlocation:
  world: world
  x: 497.53567370751273
  y: 66.0
  z: 162.9391045572642
  yaw: 270.761
  pitch: 6.851062
logoutlocation:
  world: world
  x: 498.8118567955819
  y: 72.0
  z: 170.2887143738136
  yaw: -61.73355
  pitch: 45.822273
