lastAccountName: big_tasty
timestamps:
  login: 1566399654532
  lastteleport: 1566223674552
  logout: 1566406926936
ipAddress: 0:0:0:0:0:0:0:1
lastlocation:
  world: world
  x: 497.99523552299297
  y: 66.0
  z: 162.32919799254344
  yaw: 352.18384
  pitch: 10.972652
logoutlocation:
  world: world
  x: 497.4925533907445
  y: 66.0
  z: 162.0147384104766
  yaw: 310.64795
  pitch: 27.964165
