lastAccountName: big_tasty
timestamps:
  login: 1568289845745
  lastteleport: 1568278458883
  logout: 1568291218598
ipAddress: 0:0:0:0:0:0:0:1
lastlocation:
  world: world
  x: -21016.947809411104
  y: 16.0
  z: 2003.252862541787
  yaw: 179.77007
  pitch: 30.076792
logoutlocation:
  world: world
  x: 497.1932137358913
  y: 66.0
  z: 161.60708154296597
  yaw: 115.74866
  pitch: 19.201864
nickname: big_tasty
