lastAccountName: big_tasty
timestamps:
  login: 1566488348310
  lastteleport: 1566223674552
  logout: 1566491294733
ipAddress: 0:0:0:0:0:0:0:1
lastlocation:
  world: world
  x: 497.99523552299297
  y: 66.0
  z: 162.32919799254344
  yaw: 352.18384
  pitch: 10.972652
logoutlocation:
  world: world
  x: 498.6092809373273
  y: 66.0
  z: 162.9453890924586
  yaw: 108.14978
  pitch: 20.049995
