lastAccountName: big_tasty
timestamps:
  login: 1568887206081
  lastteleport: 1568818783673
  logout: 1568891833567
ipAddress: 0:0:0:0:0:0:0:1
lastlocation:
  world: world
  x: 455.5624059010323
  y: 64.0
  z: 251.97787398653907
  yaw: 324.69287
  pitch: 1.8709775
logoutlocation:
  world: world
  x: 529.4513216535697
  y: 64.0
  z: 208.17008880269
  yaw: 185.87305
  pitch: 9.686756
nickname: big_tasty
