lastAccountName: big_tasty
timestamps:
  login: 1564762124778
  lastteleport: 1564756346395
  logout: 1564770133159
ipAddress: 0:0:0:0:0:0:0:1
lastlocation:
  world: world
  x: -6.4456741849094765
  y: 69.0
  z: 216.26515229293813
  yaw: -219.27516
  pitch: 1.0739778
logoutlocation:
  world: world
  x: 497.7535569055163
  y: 66.0
  z: 160.270533222366
  yaw: 19.664444
  pitch: 6.003726
