lastAccountName: big_tasty
timestamps:
  login: 1567597847174
  lastteleport: 1567599121280
  logout: 1567606811380
ipAddress: 0:0:0:0:0:0:0:1
lastlocation:
  world: world
  x: 498.40952557680384
  y: 66.0
  z: 162.8894505830877
  yaw: 80.68924
  pitch: 23.31984
logoutlocation:
  world: world
  x: 498.80491234839997
  y: 66.0
  z: 163.09997139476368
  yaw: 96.030266
  pitch: 19.947105
nickname: big_tasty
