lastAccountName: big_tasty
timestamps:
  login: 1567669097725
  lastteleport: 1567599121280
  logout: 1567670166158
ipAddress: 0:0:0:0:0:0:0:1
lastlocation:
  world: world
  x: 498.40952557680384
  y: 66.0
  z: 162.8894505830877
  yaw: 80.68924
  pitch: 23.31984
logoutlocation:
  world: world
  x: 784.1981029053086
  y: 69.0
  z: -1.303219923634685
  yaw: -88.223755
  pitch: 5.042506
nickname: big_tasty
