lastAccountName: big_tasty
timestamps:
  login: 1566126504505
  lastteleport: 1565969718397
  logout: 1566128335153
ipAddress: 0:0:0:0:0:0:0:1
lastlocation:
  world: world
  x: 497.53567370751273
  y: 66.0
  z: 162.9391045572642
  yaw: 270.761
  pitch: 6.851062
logoutlocation:
  world: world
  x: 489.4757651938775
  y: 66.0
  z: 164.44792867597138
  yaw: 309.627
  pitch: 24.639677
