lastAccountName: big_tasty
timestamps:
  login: 1566715342350
  lastteleport: 1566658337273
  logout: 1566722251796
ipAddress: 0:0:0:0:0:0:0:1
lastlocation:
  world: world
  x: 454.85682148027536
  y: 20.0
  z: -252.62552252661436
  yaw: -286.80777
  pitch: 14.557955
logoutlocation:
  world: world_nether
  x: 75.74210326293179
  y: 75.0
  z: 142.89372835059447
  yaw: 171.92838
  pitch: 26.225458
nickname: big_tasty
