lastAccountName: big_tasty
timestamps:
  login: 1569048923659
  lastteleport: 1568908068380
  logout: 1569054459559
ipAddress: 0:0:0:0:0:0:0:1
lastlocation:
  world: world
  x: -6.4456741849094765
  y: 69.0
  z: 216.26515229293813
  yaw: -158.2185
  pitch: -1.5313665
logoutlocation:
  world: world
  x: 532.0172035876145
  y: 91.0
  z: 212.013461036475
  yaw: -6.2619324
  pitch: 43.216896
nickname: big_tasty
