lastAccountName: big_tasty
timestamps:
  login: 1568790821581
  lastteleport: 1568797119459
  logout: 1568801345385
ipAddress: 0:0:0:0:0:0:0:1
lastlocation:
  world: world
  x: 499.2209669802189
  y: 66.0
  z: 165.15107108010403
  yaw: 99.94635
  pitch: 17.616447
logoutlocation:
  world: world
  x: 503.92718587403783
  y: 60.0
  z: 167.25060181041218
  yaw: 176.51172
  pitch: 15.690763
nickname: big_tasty
