lastAccountName: big_tasty
timestamps:
  login: 1567405961346
  lastteleport: 1567360952186
  logout: 1567406297146
ipAddress: 0:0:0:0:0:0:0:1
lastlocation:
  world: world
  x: 496.91910423901203
  y: 60.0
  z: 164.7342789026285
  yaw: -76.49205
  pitch: 18.04891
logoutlocation:
  world: world
  x: 634.2437721997842
  y: 78.0
  z: -18.722329090003708
  yaw: 16.195312
  pitch: -38.908455
nickname: big_tasty
