lastAccountName: Boulderballs
timestamps:
  login: 1568730115092
  lastteleport: 1568685716929
  logout: 1568731293359
ipAddress: 0:0:0:0:0:0:0:1
lastlocation:
  world: world
  x: -1666.1207533347588
  y: 52.0
  z: 738.2887524393675
  yaw: -229.85089
  pitch: 42.900223
logoutlocation:
  world: world
  x: -1664.3007855606927
  y: 52.0
  z: 738.0532349162556
  yaw: 138.93228
  pitch: 23.700125
money: '2119.0'
