lastAccountName: Boulderballs
timestamps:
  login: 1568554934142
  lastteleport: 1568552309983
  logout: 1568555044160
ipAddress: 0:0:0:0:0:0:0:1
lastlocation:
  world: world
  x: -1662.4716378787186
  y: 52.0
  z: 740.56353515746
  yaw: -220.24957
  pitch: 12.595983
logoutlocation:
  world: world
  x: -1659.8437198905658
  y: 52.0
  z: 737.7874797730391
  yaw: -142.54858
  pitch: 34.350163
