lastAccountName: Boulderballs
timestamps:
  login: 1567586535499
  lastteleport: 1567593700696
  logout: 1567597668341
ipAddress: 0:0:0:0:0:0:0:1
lastlocation:
  world: world
  x: -1737.300000011921
  y: 31.0
  z: 698.3470946629809
  yaw: -5.4517517
  pitch: 20.996162
logoutlocation:
  world: world
  x: -1725.300000011921
  y: 31.0
  z: 698.4121510902089
  yaw: -297.20032
  pitch: 34.946144
