lastAccountName: Boulderballs
timestamps:
  login: 1568539129594
  lastteleport: 1567593700696
  logout: 1568541814593
ipAddress: 0:0:0:0:0:0:0:1
lastlocation:
  world: world
  x: -1737.300000011921
  y: 31.0
  z: 698.3470946629809
  yaw: -5.4517517
  pitch: 20.996162
logoutlocation:
  world: world
  x: -1646.6597097149722
  y: 50.0
  z: 749.8054840312708
  yaw: -273.96576
  pitch: 5.5500712
