lastAccountName: Boulderballs
timestamps:
  login: 1568645582940
  lastteleport: 1568645843221
  logout: 1568645873828
ipAddress: 0:0:0:0:0:0:0:1
lastlocation:
  world: world
  x: 425.30000001192093
  y: 19.0
  z: -359.17630719978223
  yaw: -187.01436
  pitch: 16.799957
logoutlocation:
  world: world
  x: 449.69999998807907
  y: 21.0
  z: -407.56790891239257
  yaw: 357.272
  pitch: 9.154508
