lastAccountName: Boulderballs
timestamps:
  login: 1567579516032
  lastteleport: 1567492229918
  logout: 1567583154888
ipAddress: 0:0:0:0:0:0:0:1
lastlocation:
  world: world
  x: -1672.7112006829993
  y: 68.0
  z: 682.7495784850233
  yaw: 243.40186
  pitch: 24.146412
logoutlocation:
  world: world
  x: -1736.9083948360415
  y: 34.0
  z: 701.6999999880791
  yaw: -193.39954
  pitch: 5.2499676
