lastAccountName: Boulderballs
timestamps:
  login: 1567521186400
  lastteleport: 1567492229918
  logout: 1567525190147
ipAddress: 0:0:0:0:0:0:0:1
lastlocation:
  world: world
  x: -1672.7112006829993
  y: 68.0
  z: 682.7495784850233
  yaw: 243.40186
  pitch: 24.146412
logoutlocation:
  world: world
  x: -1732.3581230407603
  y: 31.0
  z: 699.2543784810525
  yaw: -101.15037
  pitch: 10.646189
