lastAccountName: Boulderballs
timestamps:
  login: 1568556603010
  lastteleport: 1568552309983
  logout: 1568559901082
ipAddress: 0:0:0:0:0:0:0:1
lastlocation:
  world: world
  x: -1662.4716378787186
  y: 52.0
  z: 740.56353515746
  yaw: -220.24957
  pitch: 12.595983
logoutlocation:
  world: world
  x: -1648.9058265149142
  y: 50.0
  z: 775.1979797587638
  yaw: -176.90735
  pitch: 4.046121
