lastAccountName: Boulderballs
timestamps:
  login: 1567525405355
  lastteleport: 1567492229918
  logout: 1567527009468
ipAddress: 0:0:0:0:0:0:0:1
lastlocation:
  world: world
  x: -1672.7112006829993
  y: 68.0
  z: 682.7495784850233
  yaw: 243.40186
  pitch: 24.146412
logoutlocation:
  world: world
  x: -1732.0457501947546
  y: 31.0
  z: 700.6609460038783
  yaw: -33.35041
  pitch: 21.296192
