lastAccountName: Boulderballs
timestamps:
  login: 1567604198073
  lastteleport: 1567593700696
  logout: 1567606472253
ipAddress: 0:0:0:0:0:0:0:1
lastlocation:
  world: world
  x: -1737.300000011921
  y: 31.0
  z: 698.3470946629809
  yaw: -5.4517517
  pitch: 20.996162
logoutlocation:
  world: world
  x: 463.46621646486653
  y: 63.0
  z: 332.2061156315118
  yaw: 23.612305
  pitch: -42.2482
