lastAccountName: Boulderballs
timestamps:
  login: 1568647837188
  lastteleport: 1568650761347
  logout: 1568652512092
ipAddress: 0:0:0:0:0:0:0:1
lastlocation:
  world: world
  x: -1661.7780272409123
  y: 52.0
  z: 737.3642011274343
  yaw: -232.24681
  pitch: 6.2999024
logoutlocation:
  world: world
  x: -1664.645590978894
  y: 52.0
  z: 739.1124993482822
  yaw: -261.19995
  pitch: 25.64599
