lastAccountName: Boulderballs
timestamps:
  login: 1567507082632
  lastteleport: 1567492229918
  logout: 1567509490550
ipAddress: 0:0:0:0:0:0:0:1
lastlocation:
  world: world
  x: -1672.7112006829993
  y: 68.0
  z: 682.7495784850233
  yaw: 243.40186
  pitch: 24.146412
logoutlocation:
  world: world
  x: -1734.8758665725754
  y: 35.0
  z: 697.9193883244218
  yaw: -17.597534
  pitch: 45.596542
