lastAccountName: Boulderballs
timestamps:
  login: 1568704224526
  lastteleport: 1568685716929
  logout: 1568705992103
ipAddress: 0:0:0:0:0:0:0:1
lastlocation:
  world: world
  x: -1666.1207533347588
  y: 52.0
  z: 738.2887524393675
  yaw: -229.85089
  pitch: 42.900223
logoutlocation:
  world: world
  x: -1662.0802013866576
  y: 52.0
  z: 736.5713537839799
  yaw: -220.55774
  pitch: 19.945896
money: '2119.0'
