lastAccountName: Boulderballs
timestamps:
  login: 1567758063681
  lastteleport: 1567593700696
  logout: 1567757182950
ipAddress: 0:0:0:0:0:0:0:1
lastlocation:
  world: world
  x: -1737.300000011921
  y: 31.0
  z: 698.3470946629809
  yaw: -5.4517517
  pitch: 20.996162
logoutlocation:
  world: world
  x: -1735.9150386174622
  y: 31.0
  z: 699.6999999880791
  yaw: -98.00036
  pitch: 20.996183
