lastAccountName: Boulderballs
timestamps:
  login: 1567438267284
  lastteleport: 1567437354895
  logout: 1567439572434
ipAddress: 0:0:0:0:0:0:0:1
lastlocation:
  world: world
  x: -723.3131975648234
  y: 64.0
  z: 518.7222736757178
  yaw: 91.44415
  pitch: 42.746166
logoutlocation:
  world: world
  x: -1672.300000011921
  y: 68.0
  z: 682.6493615171736
  yaw: -96.80017
  pitch: 13.496391
