lastAccountName: Boulderballs
timestamps:
  login: 1568624064984
  lastteleport: 1568628253165
  logout: 1568629551450
ipAddress: 0:0:0:0:0:0:0:1
lastlocation:
  world: world
  x: -1650.8307691009318
  y: 50.0
  z: 754.5269760611664
  yaw: -139.9769
  pitch: 10.813057
logoutlocation:
  world: world
  x: -1649.6996382318441
  y: 50.0
  z: 768.0236187970752
  yaw: 168.69836
  pitch: 17.546137
