lastAccountName: Boulderballs
timestamps:
  login: 1567737394699
  lastteleport: 1567593700696
  logout: 1567742702036
ipAddress: 0:0:0:0:0:0:0:1
lastlocation:
  world: world
  x: -1737.300000011921
  y: 31.0
  z: 698.3470946629809
  yaw: -5.4517517
  pitch: 20.996162
logoutlocation:
  world: world
  x: -1732.1746073435384
  y: 31.0
  z: 697.2866707130404
  yaw: -208.10046
  pitch: -6.1538134
