lastAccountName: Boulderballs
timestamps:
  login: 1569646568458
  lastteleport: 1569646688464
  logout: 1569646940476
ipAddress: 0:0:0:0:0:0:0:1
lastlocation:
  world: world
  x: -1666.155715802255
  y: 52.0
  z: 739.3261932862359
  yaw: 150.0326
  pitch: 37.950005
logoutlocation:
  world: world
  x: -1635.643685407791
  y: 50.0
  z: 732.3750100560713
  yaw: 8.04989
  pitch: 18.59587
money: '515.0'
