lastAccountName: Boulderballs
timestamps:
  login: 1568611715071
  lastteleport: 1568552309983
  logout: 1568613846907
ipAddress: 0:0:0:0:0:0:0:1
lastlocation:
  world: world
  x: -1662.4716378787186
  y: 52.0
  z: 740.56353515746
  yaw: -220.24957
  pitch: 12.595983
logoutlocation:
  world: world
  x: -1635.699999988079
  y: 51.41999998688698
  z: 766.3972089126219
  yaw: -268.67505
  pitch: 6.000059
