lastAccountName: Yuchipashe
timestamps:
  login: 1564236557378
  lastteleport: 1564236810046
  logout: 1564237225314
ipAddress: 0:0:0:0:0:0:0:1
lastlocation:
  world: world
  x: 892.6164664339407
  y: 13.0
  z: -207.0511153442044
  yaw: -350.3747
  pitch: 29.250021
logoutlocation:
  world: world
  x: 76.52940165770657
  y: 73.0
  z: 114.30000001192093
  yaw: -259.50262
  pitch: 57.44996
