lastAccountName: Yuchipashe
timestamps:
  login: 1568538747643
  lastteleport: 1564236810046
  logout: 1568539117822
ipAddress: 0:0:0:0:0:0:0:1
lastlocation:
  world: world
  x: 892.6164664339407
  y: 13.0
  z: -207.0511153442044
  yaw: -350.3747
  pitch: 29.250021
logoutlocation:
  world: world
  x: 82.41922353670873
  y: 63.4375
  z: 269.3287089716988
  yaw: -68.254845
  pitch: 55.349953
