lastAccountName: kdremeds
timestamps:
  login: 1568599552723
  lastteleport: 1568559025212
  logout: 1568599826705
ipAddress: 0:0:0:0:0:0:0:1
lastlocation:
  world: world_the_end
  x: -1680.5926269311328
  y: 61.0
  z: -142.7446543003491
  yaw: 283.41125
  pitch: 6.0552197
logoutlocation:
  world: world
  x: -643.3000000119209
  y: 13.0
  z: -513.0167528935042
  yaw: -2.244873
  pitch: 42.170044
money: '2880.0'
