lastAccountName: kdremeds
timestamps:
  login: 1566122617352
  lastteleport: 1566108226132
  logout: 1566124073002
ipAddress: 0:0:0:0:0:0:0:1
lastlocation:
  world: world
  x: 600.4551341080244
  y: 70.0
  z: -869.8870489507964
  yaw: 330.84677
  pitch: 19.666073
logoutlocation:
  world: world
  x: -653.0318950035111
  y: 16.0
  z: -486.30000001192093
  yaw: -125.31705
  pitch: 9.758784
money: '2880.0'
