lastAccountName: kdremeds
timestamps:
  login: 1566697314222
  lastteleport: 1566671730265
  logout: 1566704342638
ipAddress: 0:0:0:0:0:0:0:1
lastlocation:
  world: world
  x: -651.3000000119209
  y: 10.0
  z: -499.7392430680841
  yaw: -137.66194
  pitch: 2.317995
logoutlocation:
  world: world
  x: -656.1078277012199
  y: 9.875
  z: -506.5224165481096
  yaw: 272.0346
  pitch: 12.150024
money: '2880.0'
