lastAccountName: kdremeds
timestamps:
  login: 1566910237089
  lastteleport: 1566751371018
  logout: 1566910612506
ipAddress: 0:0:0:0:0:0:0:1
lastlocation:
  world: world
  x: 599.969982980721
  y: 70.0
  z: -870.7477548284853
  yaw: 40.569946
  pitch: 19.533224
logoutlocation:
  world: world
  x: 605.7730124096302
  y: 70.0
  z: -873.5680813114848
  yaw: 263.06982
  pitch: 1.8033648
money: '2880.0'
