lastAccountName: kdremeds
timestamps:
  login: 1567338725287
  lastteleport: 1567347808141
  logout: 1567348269275
ipAddress: 0:0:0:0:0:0:0:1
lastlocation:
  world: world
  x: -6.4456741849094765
  y: 69.0
  z: 216.95639059596996
  yaw: -191.78676
  pitch: 7.4033937
logoutlocation:
  world: world
  x: -926.8501687232446
  y: 69.0
  z: -921.1998143398423
  yaw: 232.552
  pitch: 44.345303
money: '2880.0'
