lastAccountName: kdremeds
timestamps:
  login: 1566999894144
  lastteleport: 1566751371018
  logout: 1567007332898
ipAddress: 0:0:0:0:0:0:0:1
lastlocation:
  world: world
  x: 599.969982980721
  y: 70.0
  z: -870.7477548284853
  yaw: 40.569946
  pitch: 19.533224
logoutlocation:
  world: world
  x: -652.1696073342182
  y: 10.0
  z: -499.8767429278845
  yaw: 238.66211
  pitch: 4.8373055
money: '2880.0'
