lastAccountName: kdremeds
timestamps:
  login: 1566659802971
  lastteleport: 1566659328474
  logout: 1566660918854
ipAddress: 0:0:0:0:0:0:0:1
lastlocation:
  world: world
  x: 103.92000345292803
  y: 67.0
  z: 261.355472009323
  yaw: 255.57013
  pitch: 27.709885
logoutlocation:
  world: world
  x: 595.2828573750859
  y: 67.0
  z: -906.5533850456516
  yaw: 91.40808
  pitch: 5.3886156
money: '2880.0'
