lastAccountName: kdremeds
timestamps:
  login: 1566400378061
  lastteleport: 1566401175376
  logout: 1566403255837
ipAddress: 0:0:0:0:0:0:0:1
lastlocation:
  world: world
  x: 109.85205786550426
  y: 67.0
  z: -532.8352648845411
  yaw: 95.09833
  pitch: -8.059657
logoutlocation:
  world: world
  x: 606.0840759306773
  y: 70.0
  z: -871.2893501151847
  yaw: 344.2921
  pitch: 1.3519882
money: '2880.0'
