lastAccountName: kdremeds
timestamps:
  login: 1566616566548
  lastteleport: 1566616947633
  logout: 1566617253340
ipAddress: 0:0:0:0:0:0:0:1
lastlocation:
  world: world
  x: 610.084780100686
  y: 67.0
  z: -908.3789078946834
  yaw: 257.79105
  pitch: 31.211006
logoutlocation:
  world: world
  x: 603.3000000119209
  y: 67.0
  z: -911.6999999880791
  yaw: 337.25345
  pitch: 24.471258
money: '2880.0'
