lastAccountName: kdremeds
timestamps:
  login: 1568039623413
  lastteleport: 1568038981037
  logout: 1568043414091
ipAddress: 0:0:0:0:0:0:0:1
lastlocation:
  world: world
  x: -645.8698867794207
  y: 10.0
  z: -501.6148792871038
  yaw: 196.65576
  pitch: 0.2162725
logoutlocation:
  world: world
  x: -652.534534654067
  y: 10.0
  z: -501.1117526857976
  yaw: 164.69604
  pitch: -7.3240743
money: '2880.0'
