lastAccountName: kdremeds
timestamps:
  login: 1570106907850
  lastteleport: 1568995593766
  logout: 1570107307295
ipAddress: 0:0:0:0:0:0:0:1
lastlocation:
  world: world
  x: 514.802158106201
  y: 71.0
  z: -639.3158825938416
  yaw: 200.89577
  pitch: 18.484571
logoutlocation:
  world: world
  x: 840.2512628006548
  y: 63.0
  z: 84.13964025515943
  yaw: 187.00562
  pitch: 14.796545
money: '2880.0'
