lastAccountName: kdremeds
timestamps:
  login: 1566575008966
  lastteleport: 1566581971799
  logout: 1566583061507
ipAddress: 0:0:0:0:0:0:0:1
lastlocation:
  world: world
  x: 522.3000000119209
  y: 33.0
  z: -835.5320101043322
  yaw: 222.90039
  pitch: 13.7295885
logoutlocation:
  world: world
  x: 587.0749999880791
  y: 17.0
  z: -998.0532818382605
  yaw: 279.80066
  pitch: 8.158053
money: '2880.0'
