lastAccountName: kdremeds
timestamps:
  login: 1570863990256
  lastteleport: 1568995593766
  logout: 1570864540693
ipAddress: 0:0:0:0:0:0:0:1
lastlocation:
  world: world
  x: 514.802158106201
  y: 71.0
  z: -639.3158825938416
  yaw: 200.89577
  pitch: 18.484571
logoutlocation:
  world: world
  x: 817.4509325354556
  y: 66.0
  z: -454.1816426707047
  yaw: 334.19543
  pitch: 4.584689
money: '2880.0'
