lastAccountName: kdremeds
timestamps:
  login: 1566354621830
  lastteleport: 1566221883252
  logout: 1566356079464
ipAddress: 0:0:0:0:0:0:0:1
lastlocation:
  world: world
  x: 604.0069681293378
  y: 70.0
  z: -871.5033340773343
  yaw: 148.20743
  pitch: 8.849984
logoutlocation:
  world: world
  x: -647.1535716687333
  y: 10.0
  z: -501.56062706768273
  yaw: 235.05493
  pitch: 0.90005463
money: '2880.0'
