lastAccountName: kdremeds
timestamps:
  login: 1566754097810
  lastteleport: 1566751371018
  logout: 1566754672842
ipAddress: 0:0:0:0:0:0:0:1
lastlocation:
  world: world
  x: 599.969982980721
  y: 70.0
  z: -870.7477548284853
  yaw: 40.569946
  pitch: 19.533224
logoutlocation:
  world: world
  x: 590.8358871397197
  y: 65.0
  z: -574.6999999880791
  yaw: -244.25853
  pitch: 32.612366
money: '2880.0'
