lastAccountName: kdremeds
timestamps:
  login: 1566779517950
  lastteleport: 1566751371018
  logout: 1566780651453
ipAddress: 0:0:0:0:0:0:0:1
lastlocation:
  world: world
  x: 599.969982980721
  y: 70.0
  z: -870.7477548284853
  yaw: 40.569946
  pitch: 19.533224
logoutlocation:
  world: world
  x: -655.3241824423709
  y: 9.875
  z: -506.6205548100052
  yaw: -86.614456
  pitch: 14.594414
money: '2880.0'
