lastAccountName: kdremeds
timestamps:
  login: 1566027320240
  lastteleport: 1565971641860
  logout: 1566027044662
ipAddress: 0:0:0:0:0:0:0:1
lastlocation:
  world: world
  x: 603.8704350583523
  y: 70.0
  z: -880.3575681621082
  yaw: -198.7727
  pitch: 30.143642
logoutlocation:
  world: world
  x: -647.3174459729923
  y: 16.0
  z: -489.5261333907504
  yaw: -267.66992
  pitch: 39.053467
money: '2880.0'
