lastAccountName: kdremeds
timestamps:
  login: 1566915911956
  lastteleport: 1566751371018
  logout: 1566918224953
ipAddress: 0:0:0:0:0:0:0:1
lastlocation:
  world: world
  x: 599.969982980721
  y: 70.0
  z: -870.7477548284853
  yaw: 40.569946
  pitch: 19.533224
logoutlocation:
  world: world
  x: 596.426360357713
  y: 67.0
  z: -912.438763127473
  yaw: 201.63159
  pitch: -90.0
money: '2880.0'
