lastAccountName: kdremeds
timestamps:
  login: 1567348416785
  lastteleport: 1567347808141
  logout: 1567360079281
ipAddress: 0:0:0:0:0:0:0:1
lastlocation:
  world: world
  x: -6.4456741849094765
  y: 69.0
  z: 216.95639059596996
  yaw: -191.78676
  pitch: 7.4033937
logoutlocation:
  world: world
  x: -655.3989799794783
  y: 9.875
  z: -506.57282867150235
  yaw: -86.13709
  pitch: 14.67332
money: '2880.0'
