lastAccountName: kdremeds
timestamps:
  login: 1567525508816
  lastteleport: 1567523847975
  logout: 1567526604008
ipAddress: 0:0:0:0:0:0:0:1
lastlocation:
  world: world
  x: 603.8635298715517
  y: 70.0
  z: -879.4316542203455
  yaw: 224.30188
  pitch: -20.643118
logoutlocation:
  world: world
  x: 599.8678762812377
  y: 70.875
  z: -871.1789796429757
  yaw: 24.87387
  pitch: 26.152996
money: '2880.0'
