lastAccountName: kdremeds
timestamps:
  login: 1566994826008
  lastteleport: 1566751371018
  logout: 1566998212040
ipAddress: 0:0:0:0:0:0:0:1
lastlocation:
  world: world
  x: 599.969982980721
  y: 70.0
  z: -870.7477548284853
  yaw: 40.569946
  pitch: 19.533224
logoutlocation:
  world: world
  x: -652.910348762656
  y: 10.0
  z: -505.69999998807907
  yaw: -175.5791
  pitch: 7.617643
money: '2880.0'
