lastAccountName: kdremeds
timestamps:
  login: 1567332013037
  lastteleport: 1567269120091
  logout: 1567333717297
ipAddress: 0:0:0:0:0:0:0:1
lastlocation:
  world: world
  x: -21083.976631077854
  y: 9.0
  z: 2011.582353302189
  yaw: 186.7608
  pitch: 17.732258
logoutlocation:
  world: world
  x: -649.8224220818889
  y: 10.0
  z: -499.30000001192093
  yaw: -193.24796
  pitch: 12.227481
money: '2880.0'
