lastAccountName: kdremeds
timestamps:
  login: 1567265753463
  lastteleport: 1567269120091
  logout: 1567270131802
ipAddress: 0:0:0:0:0:0:0:1
lastlocation:
  world: world
  x: -21083.976631077854
  y: 9.0
  z: 2011.582353302189
  yaw: 186.7608
  pitch: 17.732258
logoutlocation:
  world: world
  x: -21269.30000001192
  y: 10.0
  z: 2026.3002362932575
  yaw: 160.37952
  pitch: -3.0204308
money: '2880.0'
