lastAccountName: kdremeds
timestamps:
  login: 1568637041811
  lastteleport: 1568559025212
  logout: 1568642620814
ipAddress: 0:0:0:0:0:0:0:1
lastlocation:
  world: world_the_end
  x: -1680.5926269311328
  y: 61.0
  z: -142.7446543003491
  yaw: 283.41125
  pitch: 6.0552197
logoutlocation:
  world: world
  x: -646.107635366089
  y: 10.0
  z: -502.10124003598105
  yaw: -221.44098
  pitch: 3.4884634
money: '2880.0'
