lastAccountName: kdremeds
timestamps:
  login: 1566105926821
  lastteleport: 1566108226132
  logout: 1566109602087
ipAddress: 0:0:0:0:0:0:0:1
lastlocation:
  world: world
  x: 600.4551341080244
  y: 70.0
  z: -869.8870489507964
  yaw: 330.84677
  pitch: 19.666073
logoutlocation:
  world: world
  x: -651.4754008305465
  y: 10.0
  z: -496.9925731378004
  yaw: -212.66699
  pitch: 14.463004
money: '2880.0'
