lastAccountName: kdremeds
timestamps:
  login: 1567605174152
  lastteleport: 1567603054029
  logout: 1567605530267
ipAddress: 0:0:0:0:0:0:0:1
lastlocation:
  world: world
  x: 762.5
  y: 60.31373408653423
  z: 209.5
  yaw: -39.298187
  pitch: 65.11025
logoutlocation:
  world: world
  x: 596.1019421709694
  y: 67.0
  z: -906.9393587391163
  yaw: 324.00946
  pitch: 8.324758
money: '2880.0'
