lastAccountName: kdremeds
timestamps:
  login: 1566626162005
  lastteleport: 1566616947633
  logout: 1566631743798
ipAddress: 0:0:0:0:0:0:0:1
lastlocation:
  world: world
  x: 610.084780100686
  y: 67.0
  z: -908.3789078946834
  yaw: 257.79105
  pitch: 31.211006
logoutlocation:
  world: world
  x: -652.3000000119209
  y: 10.0
  z: -504.71580834899305
  yaw: 32.472046
  pitch: 27.507883
money: '2880.0'
