lastAccountName: kdremeds
timestamps:
  login: 1567515845190
  lastteleport: 1567523847975
  logout: 1567525190083
ipAddress: 0:0:0:0:0:0:0:1
lastlocation:
  world: world
  x: 603.8635298715517
  y: 70.0
  z: -879.4316542203455
  yaw: 224.30188
  pitch: -20.643118
logoutlocation:
  world: world
  x: 1198.3574789083882
  y: 41.0
  z: -2838.300000011921
  yaw: 271.2219
  pitch: 84.42151
money: '2880.0'
