lastAccountName: kdremeds
timestamps:
  login: 1568461322603
  lastteleport: 1568038981037
  logout: 1568462440859
ipAddress: 0:0:0:0:0:0:0:1
lastlocation:
  world: world
  x: -645.8698867794207
  y: 10.0
  z: -501.6148792871038
  yaw: 196.65576
  pitch: 0.2162725
logoutlocation:
  world: world
  x: -649.1455878897134
  y: 16.0
  z: -486.0345541348638
  yaw: 168.98615
  pitch: 35.144394
money: '2880.0'
