lastAccountName: kdremeds
timestamps:
  login: 1568627237711
  lastteleport: 1568559025212
  logout: 1568629551492
ipAddress: 0:0:0:0:0:0:0:1
lastlocation:
  world: world_the_end
  x: -1680.5926269311328
  y: 61.0
  z: -142.7446543003491
  yaw: 283.41125
  pitch: 6.0552197
logoutlocation:
  world: world
  x: -648.6388209197829
  y: 10.0
  z: -499.7200639927709
  yaw: -196.64246
  pitch: 15.088442
money: '2880.0'
