lastAccountName: kdremeds
timestamps:
  login: 1566736782604
  lastteleport: 1566733276051
  logout: 1566736831137
ipAddress: 0:0:0:0:0:0:0:1
lastlocation:
  world: world
  x: 760.4632756539447
  y: 47.0
  z: -501.69999998807907
  yaw: 170.7666
  pitch: -6.157763
logoutlocation:
  world: world
  x: 515.3843245095804
  y: 66.0
  z: -701.6823828421168
  yaw: 273.9934
  pitch: 20.084362
money: '2880.0'
