lastAccountName: kdremeds
timestamps:
  login: 1566643744007
  lastteleport: 1566616947633
  logout: 1566646407736
ipAddress: 0:0:0:0:0:0:0:1
lastlocation:
  world: world
  x: 610.084780100686
  y: 67.0
  z: -908.3789078946834
  yaw: 257.79105
  pitch: 31.211006
logoutlocation:
  world: world
  x: 611.9164287397705
  y: 67.0
  z: -902.3000000119209
  yaw: -22.930462
  pitch: 23.804512
money: '2880.0'
