lastAccountName: kdremeds
timestamps:
  login: 1567958488765
  lastteleport: 1567958254012
  logout: 1567958941722
ipAddress: 0:0:0:0:0:0:0:1
lastlocation:
  world: world
  x: -905.0473437258951
  y: 68.0
  z: -915.0749999880791
  yaw: -267.6413
  pitch: 23.791365
logoutlocation:
  world: world
  x: 820.5073592015068
  y: 68.0
  z: -110.6747869737073
  yaw: 84.26636
  pitch: -4.18637
money: '2880.0'
