lastAccountName: kdremeds
timestamps:
  login: 1566225795580
  lastteleport: 1566221883252
  logout: 1566227454321
ipAddress: 0:0:0:0:0:0:0:1
lastlocation:
  world: world
  x: 604.0069681293378
  y: 70.0
  z: -871.5033340773343
  yaw: 148.20743
  pitch: 8.849984
logoutlocation:
  world: world
  x: 595.5951851475107
  y: 67.0
  z: -912.2681870486834
  yaw: 100.24134
  pitch: 5.251953
money: '2880.0'
