lastAccountName: kdremeds
timestamps:
  login: 1564978074378
  lastteleport: 1564945038172
  logout: 1564980217693
ipAddress: 0:0:0:0:0:0:0:1
lastlocation:
  world: world
  x: 631.5712240530338
  y: 72.0
  z: -902.9439309844279
  yaw: 345.73697
  pitch: 6.956763
logoutlocation:
  world: world
  x: 541.3000000119209
  y: 12.0
  z: -362.88793653646394
  yaw: -38.352562
  pitch: 9.525727
money: '2880.0'
