lastAccountName: kdremeds
timestamps:
  login: 1567935619091
  lastteleport: 1567936671655
  logout: 1567937005738
ipAddress: 0:0:0:0:0:0:0:1
lastlocation:
  world: world
  x: 764.3000000119209
  y: 51.0
  z: -501.30000001192093
  yaw: 298.19113
  pitch: -45.323498
logoutlocation:
  world: world
  x: 683.3768806678711
  y: 71.0
  z: -875.7211416659613
  yaw: 300.0869
  pitch: 13.060384
money: '2880.0'
