lastAccountName: kdremeds
timestamps:
  login: 1566327371908
  lastteleport: 1566221883252
  logout: 1566341621815
ipAddress: 0:0:0:0:0:0:0:1
lastlocation:
  world: world
  x: 604.0069681293378
  y: 70.0
  z: -871.5033340773343
  yaw: 148.20743
  pitch: 8.849984
logoutlocation:
  world: world
  x: -648.5728605735391
  y: 10.0
  z: -501.0987123076755
  yaw: 144.90724
  pitch: -3.52927
money: '2880.0'
