lastAccountName: kdremeds
timestamps:
  login: 1567431343825
  lastteleport: 1567347808141
  logout: 1567434494713
ipAddress: 0:0:0:0:0:0:0:1
lastlocation:
  world: world
  x: -6.4456741849094765
  y: 69.0
  z: 216.95639059596996
  yaw: -191.78676
  pitch: 7.4033937
logoutlocation:
  world: world
  x: 604.5814581933702
  y: 67.0
  z: -910.1150560576929
  yaw: -350.0066
  pitch: 7.891153
money: '2880.0'
