lastAccountName: kdremeds
timestamps:
  login: 1566221002774
  lastteleport: 1566221883252
  logout: 1566225649080
ipAddress: 0:0:0:0:0:0:0:1
lastlocation:
  world: world
  x: 604.0069681293378
  y: 70.0
  z: -871.5033340773343
  yaw: 148.20743
  pitch: 8.849984
logoutlocation:
  world: world
  x: 607.1063312474964
  y: 67.0
  z: -911.2883774214234
  yaw: 78.35002
  pitch: 13.79986
money: '2880.0'
