lastAccountName: kdremeds
timestamps:
  login: 1567931825537
  lastteleport: 1567931514503
  logout: 1567933046960
ipAddress: 0:0:0:0:0:0:0:1
lastlocation:
  world: world
  x: -5.726652841417268
  y: 69.0
  z: 216.26515229293813
  yaw: -309.97028
  pitch: 0.24390286
logoutlocation:
  world: world
  x: 595.3000000119209
  y: 67.0
  z: -906.6668494696294
  yaw: 88.02173
  pitch: 2.8033729
money: '2880.0'
