lastAccountName: kdremeds
timestamps:
  login: 1566382109672
  lastteleport: 1566221883252
  logout: 1566385101263
ipAddress: 0:0:0:0:0:0:0:1
lastlocation:
  world: world
  x: 604.0069681293378
  y: 70.0
  z: -871.5033340773343
  yaw: 148.20743
  pitch: 8.849984
logoutlocation:
  world: world
  x: -652.8468644426447
  y: 10.0
  z: -506.69999998807907
  yaw: 219.0014
  pitch: 5.1552186
money: '2880.0'
