lastAccountName: kdremeds
timestamps:
  login: 1566325373021
  lastteleport: 1566221883252
  logout: 1566327161039
ipAddress: 0:0:0:0:0:0:0:1
lastlocation:
  world: world
  x: 604.0069681293378
  y: 70.0
  z: -871.5033340773343
  yaw: 148.20743
  pitch: 8.849984
logoutlocation:
  world: world
  x: -652.3000000119209
  y: 10.0
  z: -505.1982380025232
  yaw: 301.0575
  pitch: -3.3792696
money: '2880.0'
