lastAccountName: kdremeds
timestamps:
  login: 1566803199736
  lastteleport: 1566751371018
  logout: 1566809521813
ipAddress: 0:0:0:0:0:0:0:1
lastlocation:
  world: world
  x: 599.969982980721
  y: 70.0
  z: -870.7477548284853
  yaw: 40.569946
  pitch: 19.533224
logoutlocation:
  world: world
  x: 613.6069189276882
  y: 67.0
  z: -911.6999999880791
  yaw: -123.17954
  pitch: 7.140276
money: '2880.0'
