lastAccountName: kdremeds
timestamps:
  login: 1564845226383
  lastteleport: 1564843167071
  logout: 1564850746074
ipAddress: 0:0:0:0:0:0:0:1
lastlocation:
  world: world
  x: 150.22864521665431
  y: 66.0
  z: 128.88292264153102
  yaw: 170.07416
  pitch: 14.195105
logoutlocation:
  world: world
  x: 496.69999998807907
  y: 46.0
  z: -808.6457526408419
  yaw: -18.891968
  pitch: 18.26791
