lastAccountName: kdremeds
timestamps:
  login: 1571479467660
  logout: 1571480382399
ipAddress: 0:0:0:0:0:0:0:1
logoutlocation:
  world: world
  x: 529.8764596027735
  y: 95.0
  z: -244.47013247856376
  yaw: 94.89026
  pitch: 2.9369414
