lastAccountName: kdremeds
timestamps:
  login: 1566749642195
  lastteleport: 1566751371018
  logout: 1566751594336
ipAddress: 0:0:0:0:0:0:0:1
lastlocation:
  world: world
  x: 599.969982980721
  y: 70.0
  z: -870.7477548284853
  yaw: 40.569946
  pitch: 19.533224
logoutlocation:
  world: world
  x: -20727.92894484781
  y: 52.0
  z: 1930.5048480771043
  yaw: 12.929321
  pitch: 16.281591
money: '2880.0'
