lastAccountName: kdremeds
timestamps:
  login: 1566142087325
  lastteleport: 1566124323076
  logout: 1566153044643
ipAddress: 0:0:0:0:0:0:0:1
lastlocation:
  world: world
  x: -654.6019117446735
  y: 10.0
  z: -499.54905758051336
  yaw: 158.8761
  pitch: -14.597515
logoutlocation:
  world: world
  x: -650.2927849011934
  y: 10.0
  z: -499.59232757281575
  yaw: 176.63257
  pitch: -6.74999
money: '2880.0'
