lastAccountName: kdremeds
timestamps:
  login: 1568554578476
  lastteleport: 1568038981037
  logout: 1568554646489
ipAddress: 0:0:0:0:0:0:0:1
lastlocation:
  world: world
  x: -645.8698867794207
  y: 10.0
  z: -501.6148792871038
  yaw: 196.65576
  pitch: 0.2162725
logoutlocation:
  world: world
  x: -654.4289306860366
  y: 16.0
  z: -488.10617574647796
  yaw: 120.32236
  pitch: 10.241814
money: '2880.0'
