lastAccountName: kdremeds
timestamps:
  login: 1566153147810
  lastteleport: 1566124323076
  logout: 1566155941998
ipAddress: 0:0:0:0:0:0:0:1
lastlocation:
  world: world
  x: -654.6019117446735
  y: 10.0
  z: -499.54905758051336
  yaw: 158.8761
  pitch: -14.597515
logoutlocation:
  world: world
  x: 601.4473490215385
  y: 70.0
  z: -871.596837067235
  yaw: 84.04321
  pitch: 12.752067
money: '2880.0'
