lastAccountName: kdremeds
timestamps:
  login: 1568599107745
  lastteleport: 1568559025212
  logout: 1568599334657
ipAddress: 0:0:0:0:0:0:0:1
lastlocation:
  world: world_the_end
  x: -1680.5926269311328
  y: 61.0
  z: -142.7446543003491
  yaw: 283.41125
  pitch: 6.0552197
logoutlocation:
  world: world
  x: 611.6854573566296
  y: 64.0
  z: -35.59795819261961
  yaw: 107.66312
  pitch: 25.744934
money: '2880.0'
