lastAccountName: kdremeds
timestamps:
  login: 1566124155675
  lastteleport: 1566124323076
  logout: 1566137587121
ipAddress: 0:0:0:0:0:0:0:1
lastlocation:
  world: world
  x: -654.6019117446735
  y: 10.0
  z: -499.54905758051336
  yaw: 158.8761
  pitch: -14.597515
logoutlocation:
  world: world
  x: -650.7180205798065
  y: 10.0
  z: -499.11182682534667
  yaw: -161.75157
  pitch: 41.921646
money: '2880.0'
