lastAccountName: kdremeds
timestamps:
  login: 1567307743201
  lastteleport: 1567269120091
  logout: 1567308151815
ipAddress: 0:0:0:0:0:0:0:1
lastlocation:
  world: world
  x: -21083.976631077854
  y: 9.0
  z: 2011.582353302189
  yaw: 186.7608
  pitch: 17.732258
logoutlocation:
  world: world
  x: -21214.548888167454
  y: 15.0
  z: 1991.8219354368355
  yaw: 113.079285
  pitch: 2.9549887
money: '2880.0'
