lastAccountName: kdremeds
timestamps:
  login: 1566715330644
  lastteleport: 1566722202776
  logout: 1566722251830
ipAddress: 0:0:0:0:0:0:0:1
lastlocation:
  world: world_nether
  x: -81.30000001192093
  y: 68.0
  z: 1764.200426629039
  yaw: 259.06964
  pitch: 22.308096
logoutlocation:
  world: world_nether
  x: -3.9028488945081072
  y: 75.0
  z: 1869.2234409329574
  yaw: -321.14536
  pitch: 22.304207
money: '2880.0'
