lastAccountName: kdremeds
timestamps:
  login: 1568996291243
  lastteleport: 1568995593766
  logout: 1568999133679
ipAddress: 0:0:0:0:0:0:0:1
lastlocation:
  world: world
  x: 514.802158106201
  y: 71.0
  z: -639.3158825938416
  yaw: 200.89577
  pitch: 18.484571
logoutlocation:
  world: world
  x: 604.4675470888039
  y: 70.0
  z: -872.6129323106144
  yaw: 222.20581
  pitch: 19.902033
money: '2880.0'
