lastAccountName: kdremeds
timestamps:
  login: 1568985696360
  lastteleport: 1568559025212
  logout: 1568986701198
ipAddress: 0:0:0:0:0:0:0:1
lastlocation:
  world: world_the_end
  x: -1680.5926269311328
  y: 61.0
  z: -142.7446543003491
  yaw: 283.41125
  pitch: 6.0552197
logoutlocation:
  world: world
  x: 453.32022911744434
  y: 71.0
  z: -816.0224128453924
  yaw: 84.120605
  pitch: 16.616049
money: '2880.0'
