lastAccountName: kdremeds
timestamps:
  login: 1566781309446
  lastteleport: 1566751371018
  logout: 1566783694065
ipAddress: 0:0:0:0:0:0:0:1
lastlocation:
  world: world
  x: 599.969982980721
  y: 70.0
  z: -870.7477548284853
  yaw: 40.569946
  pitch: 19.533224
logoutlocation:
  world: world
  x: -651.3000000119209
  y: 10.0
  z: -500.69999998807907
  yaw: -137.46472
  pitch: 23.249971
money: '2880.0'
