lastAccountName: kdremeds
timestamps:
  login: 1567363663354
  lastteleport: 1567347808141
  logout: 1567375751096
ipAddress: 0:0:0:0:0:0:0:1
lastlocation:
  world: world
  x: -6.4456741849094765
  y: 69.0
  z: 216.95639059596996
  yaw: -191.78676
  pitch: 7.4033937
logoutlocation:
  world: world
  x: -655.6677960381596
  y: 8.0
  z: -508.69999998807907
  yaw: 5.483626
  pitch: 5.2310853
money: '2880.0'
