lastAccountName: kdremeds
timestamps:
  login: 1566356360035
  lastteleport: 1566221883252
  logout: 1566357022637
ipAddress: 0:0:0:0:0:0:0:1
lastlocation:
  world: world
  x: 604.0069681293378
  y: 70.0
  z: -871.5033340773343
  yaw: 148.20743
  pitch: 8.849984
logoutlocation:
  world: world
  x: -646.1148619010553
  y: 10.0
  z: -500.4671772469977
  yaw: 190.95503
  pitch: 13.20005
money: '2880.0'
