lastAccountName: kdremeds
timestamps:
  login: 1567696090050
  lastteleport: 1567603054029
  logout: 1567699261982
ipAddress: 0:0:0:0:0:0:0:1
lastlocation:
  world: world
  x: 762.5
  y: 60.31373408653423
  z: 209.5
  yaw: -39.298187
  pitch: 65.11025
logoutlocation:
  world: world
  x: -646.0479085864251
  y: 10.0
  z: -502.15758611081145
  yaw: 49.424866
  pitch: -4.7299485
money: '2880.0'
