lastAccountName: kdremeds
timestamps:
  login: 1568378322658
  lastteleport: 1568038981037
  logout: 1568378475838
ipAddress: 0:0:0:0:0:0:0:1
lastlocation:
  world: world
  x: -645.8698867794207
  y: 10.0
  z: -501.6148792871038
  yaw: 196.65576
  pitch: 0.2162725
logoutlocation:
  world: world
  x: 603.1720294525146
  y: 72.0
  z: -907.5663077418222
  yaw: 272.0625
  pitch: 18.865753
money: '2880.0'
