lastAccountName: kdremeds
timestamps:
  login: 1568558165184
  lastteleport: 1568559025212
  logout: 1568559816082
ipAddress: 0:0:0:0:0:0:0:1
lastlocation:
  world: world_the_end
  x: -1680.5926269311328
  y: 61.0
  z: -142.7446543003491
  yaw: 283.41125
  pitch: 6.0552197
logoutlocation:
  world: world_the_end
  x: -1635.4993865017166
  y: 59.0
  z: -924.6339299171566
  yaw: 155.84106
  pitch: 32.48041
money: '2880.0'
