lastAccountName: kdremeds
timestamps:
  login: 1566573582239
  lastteleport: 1566571757923
  logout: 1566573638740
ipAddress: 0:0:0:0:0:0:0:1
lastlocation:
  world: world
  x: 625.0670270636615
  y: 75.0
  z: -91.13018003447887
  yaw: 356.5398
  pitch: -17.268482
logoutlocation:
  world: world
  x: 603.8049685857233
  y: 70.0
  z: -869.2200241116816
  yaw: 300.48978
  pitch: 15.4626255
money: '2880.0'
