lastAccountName: aomaris
timestamps:
  login: 1565942986494
  logout: 1565943040718
ipAddress: 0:0:0:0:0:0:0:1
lastlocation:
  world: world
  x: 3.5
  y: 68.0
  z: 206.5
  yaw: 2.502465
  pitch: 0.0
logoutlocation:
  world: world
  x: 8.405999895989524
  y: 67.0
  z: 217.05895104333808
  yaw: 329.54877
  pitch: 14.124077
