lastAccountName: I.innocent
timestamps:
  login: 1565842035000
  logout: 1565842053486
ipAddress: 0:0:0:0:0:0:0:1
lastlocation:
  world: world
  x: -1.5
  y: 69.0
  z: 220.5
  yaw: 5.3017783
  pitch: 0.0
logoutlocation:
  world: world
  x: -6.733434508421061
  y: 69.0
  z: 223.18193217205922
  yaw: -358.2046
  pitch: 24.023989
