lastAccountName: King_Polar_Bear
timestamps:
  login: 1572511576007
  logout: 1572517542065
  lastteleport: 1572513941968
ipAddress: 0:0:0:0:0:0:0:1
lastlocation:
  world: world
  x: -6.845647790191871
  y: 69.0
  z: 216.40856437764984
  yaw: -104.40445
  pitch: 22.52395
logoutlocation:
  world: world
  x: 827.6484308395596
  y: 67.0
  z: -100.24660950275887
  yaw: 44.22814
  pitch: 23.849596
