lastAccountName: King_Polar_Bear
timestamps:
  login: 1572701990537
  logout: 1572702882169
  lastteleport: 1572513941968
ipAddress: 0:0:0:0:0:0:0:1
lastlocation:
  world: world
  x: -6.845647790191871
  y: 69.0
  z: 216.40856437764984
  yaw: -104.40445
  pitch: 22.52395
logoutlocation:
  world: world
  x: 831.5607748895754
  y: 67.0
  z: -92.45851332243123
  yaw: 5.177826
  pitch: 33.900093
