lastAccountName: King_Polar_Bear
timestamps:
  login: 1572509765927
  logout: 1572511483182
ipAddress: 0:0:0:0:0:0:0:1
lastlocation:
  world: world
  x: -14.5
  y: 66.0
  z: 225.5
  yaw: 1.0594286
  pitch: 0.0
logoutlocation:
  world: world
  x: 479.4272463881969
  y: 68.0
  z: 195.22906931327117
  yaw: -181.80408
  pitch: 7.499919
