lastAccountName: amubawrnaw21
timestamps:
  login: 1564247871982
  logout: 1564247882812
ipAddress: 0:0:0:0:0:0:0:1
lastlocation:
  world: world
  x: -16.5
  y: 67.0
  z: 215.5
  yaw: 0.38240263
  pitch: 0.0
logoutlocation:
  world: world
  x: -6.5
  y: 69.0
  z: 216.5
  yaw: -90.99129
  pitch: 8.387406
