lastAccountName: kimremedsss
timestamps:
  login: 1571578200389
  logout: 1571582444616
  lastteleport: 1571579819904
ipAddress: 0:0:0:0:0:0:0:1
lastlocation:
  world: world
  x: 14621.300000011921
  y: 19.0
  z: 14677.495248180918
  yaw: 127.615204
  pitch: -2.353037
logoutlocation:
  world: world
  x: 15039.475658015539
  y: 65.0
  z: 14975.053872065213
  yaw: 67.94824
  pitch: 25.573553
