lastAccountName: kimremedsss
timestamps:
  login: 1571842738077
  logout: 1571844966332
  lastteleport: 1571579819904
ipAddress: 0:0:0:0:0:0:0:1
lastlocation:
  world: world
  x: 14621.300000011921
  y: 19.0
  z: 14677.495248180918
  yaw: 127.615204
  pitch: -2.353037
logoutlocation:
  world: world
  x: 15028.278093917781
  y: 62.0
  z: 15005.109853727576
  yaw: 143.56458
  pitch: 17.082903
