lastAccountName: kimremedsss
timestamps:
  login: 1570952581950
  logout: 1570952582297
ipAddress: 0:0:0:0:0:0:0:1
lastlocation:
  world: world
  x: 2.5
  y: 68.0
  z: 208.5
  yaw: 4.133975
  pitch: 0.0
logoutlocation:
  world: world
  x: -6.5
  y: 69.0
  z: 216.5
  yaw: -179.8543
  pitch: 1.0739887
