lastAccountName: kimremedsss
timestamps:
  login: 1571798304218
  logout: 1571800632953
  lastteleport: 1571579819904
ipAddress: 0:0:0:0:0:0:0:1
lastlocation:
  world: world
  x: 14621.300000011921
  y: 19.0
  z: 14677.495248180918
  yaw: 127.615204
  pitch: -2.353037
logoutlocation:
  world: world
  x: 14860.598666988915
  y: 62.26104867769568
  z: 14791.892175610823
  yaw: -271.24445
  pitch: 52.782715
