lastAccountName: Kobeboy15
timestamps:
  login: 1565963062657
  logout: 1565963798511
  lastteleport: 1565959277141
ipAddress: 0:0:0:0:0:0:0:1
lastlocation:
  world: world
  x: 493.1857597139265
  y: 55.0
  z: 239.06805321653027
  yaw: -89.90598
  pitch: 44.97312
logoutlocation:
  world: world
  x: 472.5371718051234
  y: 68.0
  z: 193.64176686336455
  yaw: -89.62604
  pitch: 12.6686125
money: '175.86'
afk: false
