lastAccountName: Kobeboy15
timestamps:
  login: 1567863060611
  logout: 1567870139499
  lastteleport: 1567868824716
ipAddress: 0:0:0:0:0:0:0:1
lastlocation:
  world: world
  x: 699.5
  y: 67.0
  z: 92.5
  yaw: -238.61815
  pitch: 30.26236
logoutlocation:
  world: world
  x: 670.9800150725076
  y: 72.0
  z: 3.960663780783329
  yaw: 18.114258
  pitch: 29.053165
money: '175.86'
afk: false
nickname: Kobeboy15
