lastAccountName: Kobeboy15
timestamps:
  login: 1568213267144
  logout: 1568213364719
  lastteleport: 1568032359566
ipAddress: 0:0:0:0:0:0:0:1
lastlocation:
  world: world
  x: 677.2213789592405
  y: 64.0
  z: 44.46102386200584
  yaw: -248.75
  pitch: -3.2112334
logoutlocation:
  world: world
  x: 675.479596042134
  y: 65.0
  z: 62.49542717140983
  yaw: 342.8957
  pitch: 40.081448
money: '175.86'
afk: false
nickname: Kobeboy15
