lastAccountName: Kobeboy15
timestamps:
  login: 1568807207345
  logout: 1568811367610
  lastteleport: 1568558166336
ipAddress: 0:0:0:0:0:0:0:1
lastlocation:
  world: world
  x: 41.9163551353749
  y: 67.5
  z: 243.50068804577398
  yaw: -6.7276525
  pitch: 14.179493
logoutlocation:
  world: world
  x: 696.4095026405411
  y: 70.5
  z: 44.99384789006597
  yaw: -177.27246
  pitch: 42.397373
money: '175.86'
afk: false
nickname: Kobeboy15
