lastAccountName: Kobeboy15
timestamps:
  login: 1567599033582
  logout: 1567603909843
  lastteleport: 1567603234118
ipAddress: 0:0:0:0:0:0:0:1
lastlocation:
  world: world
  x: 762.545831265075
  y: 63.09365389153031
  z: 209.86309731847194
  yaw: 192.6665
  pitch: 47.733097
logoutlocation:
  world: world
  x: 766.0058908926278
  y: 61.312110898346354
  z: 208.12311200500608
  yaw: -210.34903
  pitch: 40.24902
money: '175.86'
afk: false
nickname: Kobeboy15
