lastAccountName: Kobeboy15
timestamps:
  login: 1564844096070
  logout: 1564844608288
  lastteleport: 1564844325492
ipAddress: 0:0:0:0:0:0:0:1
lastlocation:
  world: world
  x: 451.1215263593631
  y: 32.0
  z: -790.7682912431109
  yaw: 277.2002
  pitch: 16.124857
logoutlocation:
  world: world
  x: 803.993403747107
  y: 67.0
  z: -461.66289683421985
  yaw: 312.46338
  pitch: 22.191326
money: '1957.64'
afk: false
