lastAccountName: Kobeboy15
timestamps:
  login: 1566995414932
  logout: 1566998212056
  lastteleport: 1566997216286
ipAddress: 0:0:0:0:0:0:0:1
lastlocation:
  world: world
  x: 673.5042579794374
  y: 46.875
  z: 30.38836503295877
  yaw: 88.278145
  pitch: 86.74453
logoutlocation:
  world: world
  x: 471.08338559936465
  y: 100.0
  z: 199.85295325049898
  yaw: -249.57202
  pitch: 49.89198
money: '175.86'
afk: false
nickname: Kobeboy15
