lastAccountName: Kobeboy15
timestamps:
  login: 1570195768641
  logout: 1570195964121
  lastteleport: 1570023752999
ipAddress: 0:0:0:0:0:0:0:1
lastlocation:
  world: world
  x: 710.0675642508306
  y: 98.0
  z: 120.45364100562804
  yaw: 197.30768
  pitch: 38.162174
logoutlocation:
  world: world
  x: 762.3900168045697
  y: 251.0
  z: 114.87649802881836
  yaw: 94.784424
  pitch: 39.664646
money: '175.86'
afk: false
nickname: Kobeboy15
