lastAccountName: Kobeboy15
timestamps:
  login: 1567438261368
  logout: 1567439920931
  lastteleport: 1567439167586
ipAddress: 0:0:0:0:0:0:0:1
lastlocation:
  world: world
  x: 708.6974963555142
  y: 97.0
  z: 116.69999998807907
  yaw: -203.72603
  pitch: 18.909773
logoutlocation:
  world: world
  x: 747.530211908218
  y: 82.0
  z: -410.07347206602674
  yaw: -181.36487
  pitch: 41.005604
money: '175.86'
afk: false
nickname: Kobeboy15
