lastAccountName: Kobeboy15
timestamps:
  login: 1569940019895
  logout: 1569941150115
  lastteleport: 1569844829970
ipAddress: 0:0:0:0:0:0:0:1
lastlocation:
  world: world
  x: 559.3381890708357
  y: 102.53292827534491
  z: -191.91207849741744
  yaw: -24.002686
  pitch: 29.245052
logoutlocation:
  world: world
  x: 583.7940333242866
  y: 96.0
  z: -352.47607669718747
  yaw: -73.24194
  pitch: 13.87073
money: '175.86'
afk: false
nickname: Kobeboy15
