lastAccountName: Kobeboy15
timestamps:
  login: 1568557982241
  logout: 1568560138088
  lastteleport: 1568558166336
ipAddress: 0:0:0:0:0:0:0:1
lastlocation:
  world: world
  x: 41.9163551353749
  y: 67.5
  z: 243.50068804577398
  yaw: -6.7276525
  pitch: 14.179493
logoutlocation:
  world: world
  x: 698.6353371507516
  y: 67.0
  z: 93.43804668239927
  yaw: -50.74301
  pitch: 9.3102045
money: '175.86'
afk: false
nickname: Kobeboy15
