lastAccountName: Kobeboy15
timestamps:
  login: 1568203231501
  logout: 1568203380018
  lastteleport: 1568032359566
ipAddress: 0:0:0:0:0:0:0:1
lastlocation:
  world: world
  x: 677.2213789592405
  y: 64.0
  z: 44.46102386200584
  yaw: -248.75
  pitch: -3.2112334
logoutlocation:
  world: world
  x: 692.0501067643173
  y: 70.0
  z: 25.370653073768086
  yaw: 341.81653
  pitch: 43.92122
money: '175.86'
afk: false
nickname: Kobeboy15
