lastAccountName: Kobeboy15
timestamps:
  login: 1567822254774
  logout: 1567822657131
  lastteleport: 1567822502998
ipAddress: 0:0:0:0:0:0:0:1
lastlocation:
  world: world
  x: -893.5027411871039
  y: 79.0
  z: -852.803360587222
  yaw: -211.20776
  pitch: 22.889744
logoutlocation:
  world: world
  x: 751.8972017762973
  y: 71.0
  z: 21.95277481435491
  yaw: -52.369305
  pitch: 31.773117
money: '175.86'
afk: false
nickname: Kobeboy15
