lastAccountName: Kobeboy15
timestamps:
  login: 1568202627476
  logout: 1568202751745
  lastteleport: 1568032359566
ipAddress: 0:0:0:0:0:0:0:1
lastlocation:
  world: world
  x: 677.2213789592405
  y: 64.0
  z: 44.46102386200584
  yaw: -248.75
  pitch: -3.2112334
logoutlocation:
  world: world
  x: 690.8590809851662
  y: 67.0
  z: 38.704035206477
  yaw: -359.15692
  pitch: 27.30992
money: '175.86'
afk: false
nickname: Kobeboy15
