lastAccountName: Kobeboy15
timestamps:
  login: 1567518890525
  logout: 1567525190193
  lastteleport: 1567524776554
ipAddress: 0:0:0:0:0:0:0:1
lastlocation:
  world: world
  x: 700.7106511574323
  y: 67.0
  z: 92.44311865568942
  yaw: 345.04895
  pitch: 33.32034
logoutlocation:
  world: world
  x: 800.5821175647701
  y: 72.0
  z: -20.020960338679224
  yaw: -114.401
  pitch: 32.80276
money: '175.86'
afk: false
nickname: Kobeboy15
