lastAccountName: Kobeboy15
timestamps:
  login: 1568120780334
  logout: 1568121969626
  lastteleport: 1568032359566
ipAddress: 0:0:0:0:0:0:0:1
lastlocation:
  world: world
  x: 677.2213789592405
  y: 64.0
  z: 44.46102386200584
  yaw: -248.75
  pitch: -3.2112334
logoutlocation:
  world: world
  x: 690.3095812373417
  y: 67.0
  z: 30.51829619826611
  yaw: -280.77466
  pitch: 30.732378
money: '175.86'
afk: false
nickname: Kobeboy15
