lastAccountName: Kobeboy15
timestamps:
  login: 1568538634861
  logout: 1568538912695
  lastteleport: 1568538841917
ipAddress: 0:0:0:0:0:0:0:1
lastlocation:
  world: world
  x: 527.4193299855511
  y: 67.11650136792812
  z: 210.30835969781785
  yaw: 82.29663
  pitch: 28.979836
logoutlocation:
  world: world
  x: -6.28185797906673
  y: 69.0
  z: 200.2421285463106
  yaw: -173.59625
  pitch: 26.805208
money: '175.86'
afk: false
nickname: Kobeboy15
