lastAccountName: Kobeboy15
timestamps:
  login: 1570954904273
  logout: 1570955132435
  lastteleport: 1570366301803
ipAddress: 0:0:0:0:0:0:0:1
lastlocation:
  world: world
  x: 614.164789129221
  y: 95.81016804476023
  z: -32.80071202498801
  yaw: -178.57042
  pitch: 14.288633
logoutlocation:
  world: world
  x: 970.9689844465051
  y: 73.61706975311938
  z: -444.3751908799063
  yaw: -314.35278
  pitch: 17.939468
money: '175.86'
afk: false
nickname: Kobeboy15
