lastAccountName: Kobeboy15
timestamps:
  login: 1569380448271
  logout: 1569380465965
  lastteleport: 1569246166849
ipAddress: 0:0:0:0:0:0:0:1
lastlocation:
  world: world
  x: 716.5
  y: 101.0
  z: 43.5
  yaw: -176.4293
  pitch: 24.502596
logoutlocation:
  world: world
  x: 678.6050957392838
  y: 65.0
  z: 59.595506398718186
  yaw: -211.48766
  pitch: 14.463207
money: '175.86'
afk: false
nickname: Kobeboy15
