lastAccountName: Kobeboy15
timestamps:
  login: 1569118836175
  logout: 1569122130653
  lastteleport: 1569121669236
ipAddress: 0:0:0:0:0:0:0:1
lastlocation:
  world: world
  x: 696.9579626904942
  y: 66.0
  z: -78.43686106202489
  yaw: 203.51807
  pitch: 20.465769
logoutlocation:
  world: world
  x: 777.3466160907361
  y: 67.0
  z: -5.91992372704652
  yaw: -270.542
  pitch: 14.969875
money: '175.86'
afk: false
nickname: Kobeboy15
