lastAccountName: Kobeboy15
timestamps:
  login: 1569939894065
  logout: 1569939960560
  lastteleport: 1569844829970
ipAddress: 0:0:0:0:0:0:0:1
lastlocation:
  world: world
  x: 559.3381890708357
  y: 102.53292827534491
  z: -191.91207849741744
  yaw: -24.002686
  pitch: 29.245052
logoutlocation:
  world: world
  x: 503.2470854001803
  y: 118.90983665452987
  z: -338.743193619255
  yaw: -220.44255
  pitch: 23.470316
money: '175.86'
afk: false
nickname: Kobeboy15
