lastAccountName: Kobeboy15
timestamps:
  login: 1569246900510
  logout: 1569248137075
  lastteleport: 1569246166849
ipAddress: 0:0:0:0:0:0:0:1
lastlocation:
  world: world
  x: 716.5
  y: 101.0
  z: 43.5
  yaw: -176.4293
  pitch: 24.502596
logoutlocation:
  world: world
  x: 707.6791126030843
  y: 61.200000047683716
  z: 94.04426260846884
  yaw: -273.59314
  pitch: 49.606075
money: '175.86'
afk: false
nickname: Kobeboy15
