lastAccountName: Kobeboy15
timestamps:
  login: 1568461148753
  logout: 1568463379066
  lastteleport: 1568032359566
ipAddress: 0:0:0:0:0:0:0:1
lastlocation:
  world: world
  x: 677.2213789592405
  y: 64.0
  z: 44.46102386200584
  yaw: -248.75
  pitch: -3.2112334
logoutlocation:
  world: world
  x: 698.5606552142037
  y: 130.0
  z: 121.10279565251409
  yaw: -181.80861
  pitch: 22.551794
money: '175.86'
afk: false
nickname: Kobeboy15
