lastAccountName: Kobeboy15
timestamps:
  login: 1569502068561
  logout: 1569506662999
  lastteleport: 1569502497036
ipAddress: 0:0:0:0:0:0:0:1
lastlocation:
  world: world
  x: 770.332633852096
  y: 77.75444361002427
  z: -4.360928590541616
  yaw: -253.89243
  pitch: 23.7604
logoutlocation:
  world: world
  x: 695.3000000119209
  y: 46.0
  z: 8.863482127201506
  yaw: -13.851685
  pitch: 38.57716
money: '175.86'
afk: false
nickname: Kobeboy15
