lastAccountName: Kobeboy15
timestamps:
  login: 1566905347221
  logout: 1566909174265
  lastteleport: 1566908603089
ipAddress: 0:0:0:0:0:0:0:1
lastlocation:
  world: world
  x: 680.3974557689494
  y: 65.0
  z: 58.64829797489286
  yaw: -214.32681
  pitch: 27.090332
logoutlocation:
  world: world
  x: 748.3943078552953
  y: 67.1212968405392
  z: -408.05225303366535
  yaw: -67.139984
  pitch: 22.182629
money: '175.86'
afk: false
nickname: Kobeboy15
