lastAccountName: Kobeboy15
timestamps:
  login: 1569838544666
  logout: 1569838590946
  lastteleport: 1569507823806
ipAddress: 0:0:0:0:0:0:0:1
lastlocation:
  world: world
  x: 699.8956470867982
  y: 67.0
  z: 92.83635192242684
  yaw: -188.61678
  pitch: 34.519547
logoutlocation:
  world: world
  x: 715.3439502419864
  y: 63.0
  z: 84.69619697789946
  yaw: -88.05704
  pitch: 25.170391
money: '175.86'
afk: false
nickname: Kobeboy15
