lastAccountName: Kobeboy15
timestamps:
  login: 1569069099855
  logout: 1569069126958
  lastteleport: 1568991739916
ipAddress: 0:0:0:0:0:0:0:1
lastlocation:
  world: world
  x: 660.5
  y: 68.0
  z: 4.5
  yaw: -88.14249
  pitch: 19.213604
logoutlocation:
  world: world
  x: 695.0384126628285
  y: 67.0
  z: 93.27154411849651
  yaw: -185.02719
  pitch: 26.839893
money: '175.86'
afk: false
nickname: Kobeboy15
