lastAccountName: Kobeboy15
timestamps:
  login: 1564663618683
  logout: 1564663714650
  lastteleport: 1564663484935
ipAddress: 0:0:0:0:0:0:0:1
lastlocation:
  world: world
  x: -6.868785638947477
  y: 78.78846585556326
  z: 110.61717497762604
  yaw: 2.61543
  pitch: 51.4632
logoutlocation:
  world: world
  x: -4.00232281627849
  y: 74.47583096010726
  z: 226.16313040441497
  yaw: 84.01474
  pitch: 32.972942
money: '1957.64'
afk: false
