lastAccountName: Kobeboy15
timestamps:
  login: 1570026753898
  logout: 1570027012736
  lastteleport: 1570023752999
ipAddress: 0:0:0:0:0:0:0:1
lastlocation:
  world: world
  x: 667.5141245129149
  y: 71.0
  z: 41.30000001192093
  yaw: -212.57697
  pitch: 43.409233
logoutlocation:
  world: world
  x: 710.3904010054123
  y: 98.0
  z: 118.6213368992698
  yaw: -25.874237
  pitch: 22.695656
money: '175.86'
afk: false
nickname: Kobeboy15
