lastAccountName: Kobeboy15
timestamps:
  login: 1570280427328
  logout: 1570280733320
  lastteleport: 1570023752999
ipAddress: 0:0:0:0:0:0:0:1
lastlocation:
  world: world
  x: 710.0675642508306
  y: 98.0
  z: 120.45364100562804
  yaw: 197.30768
  pitch: 38.162174
logoutlocation:
  world: world
  x: 813.7304453246495
  y: 101.0
  z: 65.53559708653566
  yaw: 125.569885
  pitch: 46.176056
money: '175.86'
afk: false
nickname: Kobeboy15
