lastAccountName: Kobeboy15
timestamps:
  login: 1570020570473
  logout: 1570026662871
  lastteleport: 1570023752999
ipAddress: 0:0:0:0:0:0:0:1
lastlocation:
  world: world
  x: 667.5141245129149
  y: 71.0
  z: 41.30000001192093
  yaw: -212.57697
  pitch: 43.409233
logoutlocation:
  world: world
  x: 780.7731985523036
  y: 63.0
  z: 126.98208470462504
  yaw: -198.05688
  pitch: 14.4316025
money: '175.86'
afk: false
nickname: Kobeboy15
