lastAccountName: Kobeboy15
timestamps:
  login: 1567777209989
  logout: 1567780880960
  lastteleport: 1567780830211
ipAddress: 0:0:0:0:0:0:0:1
lastlocation:
  world: world
  x: 699.2086478641357
  y: 67.0
  z: 93.13064909471468
  yaw: -331.35852
  pitch: 5.5538425
logoutlocation:
  world: world
  x: 480.87613496367527
  y: 68.0
  z: 189.84698223148143
  yaw: 48.782715
  pitch: 14.087733
money: '175.86'
afk: false
nickname: Kobeboy15
