lastAccountName: Kobeboy15
timestamps:
  login: 1564148296927
  logout: 1564148459268
  lastteleport: 1564148336445
ipAddress: 0:0:0:0:0:0:0:1
lastlocation:
  world: world
  x: 496.3037250102586
  y: 70.0
  z: 233.5388993859179
  yaw: -182.08789
  pitch: 28.361607
logoutlocation:
  world: world
  x: 496.16642189549447
  y: 70.0
  z: 232.8464818494331
  yaw: 174.37491
  pitch: 5.48959
money: '375.07'
afk: false
