lastAccountName: Kobeboy15
timestamps:
  login: 1567596491448
  logout: 1567597668362
  lastteleport: 1567597536826
ipAddress: 0:0:0:0:0:0:0:1
lastlocation:
  world: world
  x: 620.6379118371176
  y: 95.63677728617742
  z: 12.538917122826494
  yaw: -292.70807
  pitch: 19.410332
logoutlocation:
  world: world
  x: 708.7848024178711
  y: 98.0
  z: 116.62575977178517
  yaw: 149.7757
  pitch: 20.880714
money: '175.86'
afk: false
nickname: Kobeboy15
