lastAccountName: Kobeboy15
timestamps:
  login: 1568988840840
  logout: 1568990956737
  lastteleport: 1568989345304
ipAddress: 0:0:0:0:0:0:0:1
lastlocation:
  world: world
  x: 770.7698910518928
  y: 68.0
  z: -126.55712435949613
  yaw: -189.26611
  pitch: 17.782417
logoutlocation:
  world: world
  x: 710.4792594418601
  y: 98.0
  z: 118.64138095064511
  yaw: -181.5225
  pitch: 10.061279
money: '175.86'
afk: false
nickname: Kobeboy15
