lastAccountName: Kobeboy15
timestamps:
  login: 1564233873521
  logout: 1564236302708
  lastteleport: 1564236284756
ipAddress: 0:0:0:0:0:0:0:1
lastlocation:
  world: world
  x: 493.2986456073842
  y: 70.0
  z: 224.42289911818364
  yaw: 89.67322
  pitch: 40.298424
logoutlocation:
  world: world
  x: 725.3000000119209
  y: 71.0
  z: -56.40497133671437
  yaw: 80.85422
  pitch: 42.585182
money: '1957.64'
afk: false
