lastAccountName: Kobeboy15
timestamps:
  login: 1566709913233
  logout: 1566722251851
  lastteleport: 1566721559650
ipAddress: 0:0:0:0:0:0:0:1
lastlocation:
  world: world
  x: 699.7427340145578
  y: 67.0
  z: 92.24349272708842
  yaw: -84.884
  pitch: 6.8894453
logoutlocation:
  world: world
  x: 676.2547199028047
  y: 63.0
  z: 30.623385260253006
  yaw: -258.1515
  pitch: 21.163658
money: '175.86'
afk: false
nickname: Kobeboy15
