lastAccountName: Kobeboy15
timestamps:
  login: 1568718644677
  logout: 1568720848063
  lastteleport: 1568558166336
ipAddress: 0:0:0:0:0:0:0:1
lastlocation:
  world: world
  x: 41.9163551353749
  y: 67.5
  z: 243.50068804577398
  yaw: -6.7276525
  pitch: 14.179493
logoutlocation:
  world: world
  x: 709.6795090513125
  y: 98.0
  z: 118.83791031041518
  yaw: -198.62067
  pitch: 20.540699
money: '175.86'
afk: false
nickname: Kobeboy15
