lastAccountName: Kobeboy15
timestamps:
  login: 1571575280704
  logout: 1571575320266
  lastteleport: 1571575316847
ipAddress: 0:0:0:0:0:0:0:1
lastlocation:
  world: world
  x: 694.4369856475087
  y: 67.0
  z: 86.55073902710363
  yaw: -180.85365
  pitch: 28.729528
logoutlocation:
  world: world
  x: 15037.771563073218
  y: 71.0
  z: 15025.654442738969
  yaw: 68.04156
  pitch: 20.54912
money: '175.86'
afk: false
nickname: Kobeboy15
