lastAccountName: Kobeboy15
timestamps:
  login: 1570271845522
  logout: 1570272322877
  lastteleport: 1570023752999
ipAddress: 0:0:0:0:0:0:0:1
lastlocation:
  world: world
  x: 710.0675642508306
  y: 98.0
  z: 120.45364100562804
  yaw: 197.30768
  pitch: 38.162174
logoutlocation:
  world: world
  x: 708.4758048102849
  y: 98.0
  z: 116.73216846439352
  yaw: 180.83104
  pitch: 3.6871362
money: '175.86'
afk: false
nickname: Kobeboy15
