lastAccountName: Kobeboy15
timestamps:
  login: 1569081373555
  logout: 1569082103865
  lastteleport: 1569081883701
ipAddress: 0:0:0:0:0:0:0:1
lastlocation:
  world: world
  x: 501.2511821290974
  y: 66.0
  z: 168.98272156256354
  yaw: -198.23792
  pitch: 39.703064
logoutlocation:
  world: world
  x: 781.6460449539971
  y: 70.0
  z: 25.956085718667303
  yaw: 305.97147
  pitch: 51.798923
money: '175.86'
afk: false
nickname: Kobeboy15
