lastAccountName: Kobeboy15
timestamps:
  login: 1568291287380
  logout: 1568292219404
  lastteleport: 1568032359566
ipAddress: 0:0:0:0:0:0:0:1
lastlocation:
  world: world
  x: 677.2213789592405
  y: 64.0
  z: 44.46102386200584
  yaw: -248.75
  pitch: -3.2112334
logoutlocation:
  world: world
  x: 672.5183371938753
  y: 67.0
  z: 31.771395924126253
  yaw: -95.29443
  pitch: 3.2698765
money: '175.86'
afk: false
nickname: Kobeboy15
