lastAccountName: Kobeboy15
timestamps:
  login: 1567684287574
  logout: 1567684696055
  lastteleport: 1567684299591
ipAddress: 0:0:0:0:0:0:0:1
lastlocation:
  world: world
  x: 753.7032921345658
  y: 59.43388015916096
  z: 210.32134742434627
  yaw: -196.65924
  pitch: 22.71935
logoutlocation:
  world: world
  x: 818.2081360397129
  y: 65.0
  z: -56.50616236480671
  yaw: -39.023926
  pitch: 22.577179
money: '175.86'
afk: false
nickname: Kobeboy15
