lastAccountName: Kobeboy15
timestamps:
  login: 1564926242797
  logout: 1564926535092
  lastteleport: 1564926482493
ipAddress: 0:0:0:0:0:0:0:1
lastlocation:
  world: world
  x: -7.024670221601033
  y: 68.5
  z: 236.827362503848
  yaw: -151.83325
  pitch: 17.268078
logoutlocation:
  world: world
  x: 493.92200857480236
  y: 70.0
  z: 230.4531220402044
  yaw: -15.723572
  pitch: 27.944317
money: '165.23'
afk: false
