lastAccountName: Kobeboy15
timestamps:
  login: 1566648638197
  logout: 1566658819041
  lastteleport: 1566656051700
ipAddress: 0:0:0:0:0:0:0:1
lastlocation:
  world: world
  x: 518.6045501673548
  y: 66.0
  z: 163.65692194381975
  yaw: 66.45654
  pitch: 33.686436
logoutlocation:
  world: world
  x: 697.9174770430416
  y: 67.0
  z: 93.51128653348056
  yaw: -127.03705
  pitch: 19.911518
money: '175.86'
afk: false
nickname: Kobeboy15
