lastAccountName: Kobeboy15
timestamps:
  login: 1569155759931
  logout: 1569157739099
  lastteleport: 1569157211155
ipAddress: 0:0:0:0:0:0:0:1
lastlocation:
  world: world
  x: 832.030916983789
  y: 101.0
  z: 65.34122297939217
  yaw: -183.94275
  pitch: 50.687824
logoutlocation:
  world: world
  x: 698.8300030459436
  y: 67.0
  z: 91.01184006000322
  yaw: -358.5769
  pitch: 18.712757
money: '175.86'
afk: false
nickname: Kobeboy15
