lastAccountName: Kobeboy15
timestamps:
  login: 1566566097929
  logout: 1566571835939
  lastteleport: 1566570432220
ipAddress: 0:0:0:0:0:0:0:1
lastlocation:
  world: world
  x: 751.3000000119209
  y: 71.0
  z: -172.69999998807907
  yaw: 311.09363
  pitch: 70.58168
logoutlocation:
  world: world
  x: 622.5187618762598
  y: 77.0
  z: -103.66879366507924
  yaw: -17.86725
  pitch: 26.754055
money: '175.86'
afk: false
nickname: Belle_Delphine
