lastAccountName: Kobeboy15
timestamps:
  login: 1566116435258
  logout: 1566124073036
  lastteleport: 1566123245144
ipAddress: 0:0:0:0:0:0:0:1
lastlocation:
  world: world
  x: 772.6603998447256
  y: 37.0
  z: -434.38773524018507
  yaw: 196.46672
  pitch: 19.269182
logoutlocation:
  world: world
  x: 698.2116722995695
  y: 69.0
  z: -879.9641942304585
  yaw: -236.66162
  pitch: 34.3561
money: '175.86'
afk: false
