lastAccountName: Kobeboy15
timestamps:
  login: 1571920840300
  logout: 1571921006509
  lastteleport: 1571575316847
ipAddress: 0:0:0:0:0:0:0:1
lastlocation:
  world: world
  x: 661.5738066930431
  y: 68.0
  z: 25.911175746139204
  yaw: 40.103405
  pitch: -15.398347
logoutlocation:
  world: world
  x: 744.8474537500858
  y: 68.5
  z: -144.08697177995245
  yaw: -143.68394
  pitch: 31.292063
money: '175.86'
afk: false
nickname: Kobeboy15
