lastAccountName: Kobeboy15
timestamps:
  login: 1569844489162
  logout: 1569849526692
  lastteleport: 1569844829970
ipAddress: 0:0:0:0:0:0:0:1
lastlocation:
  world: world
  x: 559.3381890708357
  y: 102.53292827534491
  z: -191.91207849741744
  yaw: -24.002686
  pitch: 29.245052
logoutlocation:
  world: world
  x: 558.3248302850653
  y: 77.0
  z: -169.13436189470707
  yaw: -159.2832
  pitch: 23.553455
money: '175.86'
afk: false
nickname: Kobeboy15
