lastAccountName: Kobeboy15
timestamps:
  login: 1569243481200
  logout: 1569246816038
  lastteleport: 1569246166849
ipAddress: 0:0:0:0:0:0:0:1
lastlocation:
  world: world
  x: 716.5
  y: 101.0
  z: 43.5
  yaw: -176.4293
  pitch: 24.502596
logoutlocation:
  world: world
  x: -51.80516204684041
  y: 66.0
  z: -827.1352677455116
  yaw: -60.36798
  pitch: 28.341608
money: '175.86'
afk: false
nickname: Kobeboy15
