lastAccountName: Kobeboy15
timestamps:
  login: 1570248907466
  logout: 1570251735486
  lastteleport: 1570023752999
ipAddress: 0:0:0:0:0:0:0:1
lastlocation:
  world: world
  x: 710.0675642508306
  y: 98.0
  z: 120.45364100562804
  yaw: 197.30768
  pitch: 38.162174
logoutlocation:
  world: world
  x: 700.4605149505379
  y: 67.0
  z: 93.45251887486766
  yaw: -265.7473
  pitch: 25.003458
money: '175.86'
afk: false
nickname: Kobeboy15
