lastAccountName: Kobeboy15
timestamps:
  login: 1569133031434
  logout: 1569133076132
  lastteleport: 1569129780894
ipAddress: 0:0:0:0:0:0:0:1
lastlocation:
  world: world
  x: 803.2943236772376
  y: 80.77108729886376
  z: 22.348098413705095
  yaw: -123.42615
  pitch: 22.235142
logoutlocation:
  world: world
  x: 688.3000000119209
  y: 69.0
  z: 78.68240380425937
  yaw: -233.99457
  pitch: 34.7399
money: '175.86'
afk: false
nickname: Kobeboy15
