lastAccountName: Kobeboy15
timestamps:
  login: 1568423667222
  logout: 1568423716712
  lastteleport: 1568032359566
ipAddress: 0:0:0:0:0:0:0:1
lastlocation:
  world: world
  x: 677.2213789592405
  y: 64.0
  z: 44.46102386200584
  yaw: -248.75
  pitch: -3.2112334
logoutlocation:
  world: world
  x: 708.6411080102135
  y: 98.0
  z: 118.82111276412965
  yaw: -353.48148
  pitch: -9.752285
money: '175.86'
afk: false
nickname: Kobeboy15
