lastAccountName: Kobeboy15
timestamps:
  login: 1566736955270
  logout: 1566737144787
  lastteleport: 1566736308792
ipAddress: 0:0:0:0:0:0:0:1
lastlocation:
  world: world
  x: 628.5784076150409
  y: 64.0
  z: 38.622853060715165
  yaw: -84.433624
  pitch: 24.30541
logoutlocation:
  world: world
  x: 700.364558928212
  y: 67.0
  z: 92.88248602800098
  yaw: 150.30096
  pitch: 24.835981
money: '175.86'
afk: false
nickname: Kobeboy15
