lastAccountName: Kobeboy15
timestamps:
  login: 1567931631447
  logout: 1567933046996
  lastteleport: 1567932909591
ipAddress: 0:0:0:0:0:0:0:1
lastlocation:
  world: world
  x: 705.7143380284228
  y: 88.86813717164593
  z: -291.39244120714386
  yaw: 99.114075
  pitch: 25.71109
logoutlocation:
  world: world
  x: 701.3635543423239
  y: 71.0
  z: -54.60285128977724
  yaw: 332.9867
  pitch: 42.616802
money: '175.86'
afk: false
nickname: Kobeboy15
