lastAccountName: Kobeboy15
timestamps:
  login: 1568290327012
  logout: 1568291218639
  lastteleport: 1568032359566
ipAddress: 0:0:0:0:0:0:0:1
lastlocation:
  world: world
  x: 677.2213789592405
  y: 64.0
  z: 44.46102386200584
  yaw: -248.75
  pitch: -3.2112334
logoutlocation:
  world: world
  x: 688.0388677882784
  y: 78.0
  z: 34.624083999445425
  yaw: -98.43713
  pitch: 21.681845
money: '175.86'
afk: false
nickname: Kobeboy15
