lastAccountName: Kobeboy15
timestamps:
  login: 1566104158521
  logout: 1566109602114
  lastteleport: 1566108290256
ipAddress: 0:0:0:0:0:0:0:1
lastlocation:
  world: world
  x: 762.0953743859211
  y: 54.0
  z: -491.3710901823534
  yaw: 6.504881
  pitch: 3.221881
logoutlocation:
  world: world
  x: 494.8211382567385
  y: 76.0
  z: 203.6832533010527
  yaw: 142.08643
  pitch: 56.610165
money: '175.86'
afk: false
