lastAccountName: Kobeboy15
timestamps:
  login: 1569152176093
  logout: 1569155712240
  lastteleport: 1569154144247
ipAddress: 0:0:0:0:0:0:0:1
lastlocation:
  world: world
  x: 696.6984264857568
  y: 72.0
  z: 88.66033381513137
  yaw: -223.31189
  pitch: 64.57065
logoutlocation:
  world: world
  x: 696.7313637357178
  y: 58.0
  z: 97.6318396943125
  yaw: -173.67365
  pitch: 24.657125
money: '175.86'
afk: false
nickname: Kobeboy15
