lastAccountName: Kobeboy15
timestamps:
  login: 1567684948640
  logout: 1567690863666
  lastteleport: 1567684299591
ipAddress: 0:0:0:0:0:0:0:1
lastlocation:
  world: world
  x: 753.7032921345658
  y: 59.43388015916096
  z: 210.32134742434627
  yaw: -196.65924
  pitch: 22.71935
logoutlocation:
  world: world
  x: 697.3289403127933
  y: 68.05489334703208
  z: 92.23750001192093
  yaw: -187.07343
  pitch: 40.387665
money: '175.86'
afk: false
nickname: Kobeboy15
