lastAccountName: Kobeboy15
timestamps:
  login: 1569506773699
  logout: 1569510190453
  lastteleport: 1569507823806
ipAddress: 0:0:0:0:0:0:0:1
lastlocation:
  world: world
  x: 699.8956470867982
  y: 67.0
  z: 92.83635192242684
  yaw: -188.61678
  pitch: 34.519547
logoutlocation:
  world: world
  x: 702.5499064407694
  y: 45.0
  z: 14.381450189674236
  yaw: -336.26245
  pitch: 19.882656
money: '175.86'
afk: false
nickname: Kobeboy15
