lastAccountName: Kobeboy15
timestamps:
  login: 1570241527733
  logout: 1570243415581
  lastteleport: 1570023752999
ipAddress: 0:0:0:0:0:0:0:1
lastlocation:
  world: world
  x: 710.0675642508306
  y: 98.0
  z: 120.45364100562804
  yaw: 197.30768
  pitch: 38.162174
logoutlocation:
  world: world
  x: 714.5409502486254
  y: 99.125
  z: 129.7489828427491
  yaw: 96.944115
  pitch: 34.573006
money: '175.86'
afk: false
nickname: Kobeboy15
