lastAccountName: Kobeboy15
timestamps:
  login: 1572870166075
  logout: 1572870240496
  lastteleport: 1571575316847
ipAddress: 0:0:0:0:0:0:0:1
lastlocation:
  world: world
  x: 661.5738066930431
  y: 68.0
  z: 25.911175746139204
  yaw: 40.103405
  pitch: -15.398347
logoutlocation:
  world: world
  x: 629.6811376898132
  y: 64.0
  z: 20.63815215254227
  yaw: -264.38797
  pitch: 6.4162903
money: '175.86'
afk: false
nickname: Kobeboy15
