lastAccountName: Kobeboy15
timestamps:
  login: 1567430902736
  logout: 1567438033221
  lastteleport: 1567436777525
ipAddress: 0:0:0:0:0:0:0:1
lastlocation:
  world: world
  x: 708.6974963555142
  y: 97.0
  z: 116.69999998807907
  yaw: -203.72603
  pitch: 18.909773
logoutlocation:
  world: world
  x: 699.2774660551148
  y: 67.0
  z: 94.48969481159016
  yaw: 359.13068
  pitch: 37.07709
money: '175.86'
afk: false
nickname: Kobeboy15
