lastAccountName: Kobeboy15
timestamps:
  login: 1566998289703
  logout: 1567000283443
  lastteleport: 1566997216286
ipAddress: 0:0:0:0:0:0:0:1
lastlocation:
  world: world
  x: 673.5042579794374
  y: 46.875
  z: 30.38836503295877
  yaw: 88.278145
  pitch: 86.74453
logoutlocation:
  world: world
  x: 373.5476266646908
  y: 73.0
  z: 211.77407083556187
  yaw: -20.773193
  pitch: 11.707179
money: '175.86'
afk: false
nickname: Kobeboy15
