lastAccountName: Kobeboy15
timestamps:
  login: 1570366265307
  logout: 1570367120352
  lastteleport: 1570366301803
ipAddress: 0:0:0:0:0:0:0:1
lastlocation:
  world: world
  x: 614.164789129221
  y: 95.81016804476023
  z: -32.80071202498801
  yaw: -178.57042
  pitch: 14.288633
logoutlocation:
  world: world
  x: 1145.9070486114565
  y: 66.60832698937698
  z: 145.08004563538404
  yaw: -293.03894
  pitch: 20.861177
money: '175.86'
afk: false
nickname: Kobeboy15
