lastAccountName: Kobeboy15
timestamps:
  login: 1567223566881
  logout: 1567225245728
  lastteleport: 1567224929552
ipAddress: 0:0:0:0:0:0:0:1
lastlocation:
  world: world
  x: -6.61109555193752
  y: 69.0
  z: 216.3935818743908
  yaw: 180.30463
  pitch: -0.003916158
logoutlocation:
  world: world
  x: 562.5627487885249
  y: 255.0
  z: 72.21610435456525
  yaw: -182.15308
  pitch: 55.91028
money: '175.86'
afk: false
nickname: Kobeboy15
