lastAccountName: Kobeboy15
timestamps:
  login: 1566052854217
  logout: 1566056114617
  lastteleport: 1565959277141
ipAddress: 0:0:0:0:0:0:0:1
lastlocation:
  world: world
  x: 493.1857597139265
  y: 55.0
  z: 239.06805321653027
  yaw: -89.90598
  pitch: 44.97312
logoutlocation:
  world: world
  x: 562.8789726405481
  y: 79.0
  z: 71.69554225858738
  yaw: 50.140625
  pitch: 30.482569
money: '175.86'
afk: false
