lastAccountName: Kobeboy15
timestamps:
  login: 1568029060226
  logout: 1568033068945
  lastteleport: 1568032359566
ipAddress: 0:0:0:0:0:0:0:1
lastlocation:
  world: world
  x: 662.1610606279006
  y: 76.66286139041776
  z: -74.101130264862
  yaw: -304.06262
  pitch: 40.947144
logoutlocation:
  world: world
  x: 699.4153999316933
  y: 82.14691380336323
  z: -11.920680635730555
  yaw: 103.5298
  pitch: 57.611835
money: '175.86'
afk: false
nickname: Kobeboy15
