lastAccountName: bjrhoy
timestamps:
  login: 1571142522472
  logout: 1571144455572
ipAddress: 0:0:0:0:0:0:0:1
lastlocation:
  world: world
  x: -8.073640481734792
  y: 69.0
  z: 216.00644128214327
  yaw: 319.2676
  pitch: 16.164602
logoutlocation:
  world: world
  x: 846.2954270668611
  y: 65.0
  z: -1223.9864658375002
  yaw: 214.20758
  pitch: 18.652233
