lastAccountName: bjrhoy
timestamps:
  login: 1571146848502
  logout: 1571151718110
ipAddress: 0:0:0:0:0:0:0:1
lastlocation:
  world: world
  x: -8.073640481734792
  y: 69.0
  z: 216.00644128214327
  yaw: 319.2676
  pitch: 16.164602
logoutlocation:
  world: world
  x: 845.7963468511359
  y: 65.0
  z: -1221.916454567671
  yaw: 59.796204
  pitch: 10.496608
