lastAccountName: canoviks
timestamps:
  login: 1567786240107
  logout: 1567786521242
ipAddress: 0:0:0:0:0:0:0:1
lastlocation:
  world: world
  x: -1.5
  y: 69.0
  z: 216.5
  yaw: 4.591349
  pitch: 0.0
logoutlocation:
  world: world
  x: -9.241187103675239
  y: 69.0
  z: 212.57323391314713
  yaw: -27.603758
  pitch: -9.149917
