lastAccountName: jonnski
timestamps:
  login: 1564362804572
  logout: 1564365856128
  lastteleport: 1564296960830
ipAddress: 0:0:0:0:0:0:0:1
lastlocation:
  world: world
  x: -6.108197647427911
  y: 69.0
  z: 215.86035183833445
  yaw: -9.303966
  pitch: 4.3739896
money: '0.41'
logoutlocation:
  world: world
  x: 1051.343263365325
  y: 81.0
  z: -266.0391958100954
  yaw: -87.14977
  pitch: 32.549538
