lastAccountName: B03AMBA60S
timestamps:
  login: 1564771120051
  logout: 1564771530205
ipAddress: 0:0:0:0:0:0:0:1
lastlocation:
  world: world
  x: -12.5
  y: 69.0
  z: 212.5
  yaw: 4.911414
  pitch: 0.0
logoutlocation:
  world: world
  x: -4.645388048337456
  y: 69.0
  z: 218.790662122129
  yaw: -222.51073
  pitch: 33.571423
