lastAccountName: YounGi
timestamps:
  login: 1564246044388
  lastteleport: 1564246486946
  logout: 1564247759164
ipAddress: 0:0:0:0:0:0:0:1
lastlocation:
  world: world
  x: 546.9093354515619
  y: 7.0
  z: 187.78963218340658
  yaw: 188.7334
  pitch: 30.300089
logoutlocation:
  world: world
  x: 478.30000001192104
  y: 62.0
  z: 273.975680150991
  yaw: 239.92383
  pitch: 22.94887
