lastAccountName: YounGi
timestamps:
  login: 1564131330065
  lastteleport: 1563997220604
  logout: 1564136007263
ipAddress: 0:0:0:0:0:0:0:1
lastlocation:
  world: world
  x: 473.5039184805006
  y: 68.0
  z: 190.908173190506
  yaw: 33.45752
  pitch: 40.79985
logoutlocation:
  world: world
  x: 478.64139770366916
  y: 63.0
  z: 276.26502550038435
  yaw: -14.6220665
  pitch: 13.949955
