lastAccountName: bojoluis
timestamps:
  login: 1567680439153
  lastteleport: 1567523503274
  logout: 1567682428085
ipAddress: 0:0:0:0:0:0:0:1
lastlocation:
  world: world
  x: -6.3454795768229415
  y: 69.0
  z: 215.80991831898382
  yaw: -180.01144
  pitch: 2.855157
logoutlocation:
  world: world
  x: 826.5803817356817
  y: 79.0
  z: -55.13814239881209
  yaw: -347.8833
  pitch: -22.790373
