lastAccountName: bojoluis
timestamps:
  login: 1567664996384
  lastteleport: 1567523503274
  logout: 1567665335760
ipAddress: 0:0:0:0:0:0:0:1
lastlocation:
  world: world
  x: -6.3454795768229415
  y: 69.0
  z: 215.80991831898382
  yaw: -180.01144
  pitch: 2.855157
logoutlocation:
  world: world
  x: 795.1558070644243
  y: 68.0
  z: -50.4197823670834
  yaw: -110.1861
  pitch: -0.20777684
