lastAccountName: bojoluis
timestamps:
  login: 1567520284324
  lastteleport: 1567523503274
  logout: 1567525190158
ipAddress: 0:0:0:0:0:0:0:1
lastlocation:
  world: world
  x: -6.3454795768229415
  y: 69.0
  z: 215.80991831898382
  yaw: -180.01144
  pitch: 2.855157
logoutlocation:
  world: world
  x: 828.6060912445923
  y: 73.125
  z: -55.53232612655872
  yaw: -346.8678
  pitch: -67.31557
