lastAccountName: bojoluis
timestamps:
  login: 1567686086909
  lastteleport: 1567523503274
  logout: 1567690844917
ipAddress: 0:0:0:0:0:0:0:1
lastlocation:
  world: world
  x: -6.3454795768229415
  y: 69.0
  z: 215.80991831898382
  yaw: -180.01144
  pitch: 2.855157
logoutlocation:
  world: world
  x: 779.0017855572946
  y: 70.0
  z: -33.71155173427504
  yaw: -300.85425
  pitch: 12.414481
