lastAccountName: ItsHmood02
timestamps:
  login: 1564771233156
  logout: 1564772556854
ipAddress: 0:0:0:0:0:0:0:1
lastlocation:
  world: world
  x: 3.5
  y: 68.0
  z: 211.5
  yaw: 2.4247298
  pitch: 0.0
logoutlocation:
  world: world
  x: -26.143888228510175
  y: 68.0
  z: 348.27108676206836
  yaw: 322.34155
  pitch: 29.055117
