lastAccountName: ItsHmood02
timestamps:
  login: 1565361293951
  logout: 1565361336044
ipAddress: 0:0:0:0:0:0:0:1
lastlocation:
  world: world
  x: -1.9716215458004547
  y: 68.0
  z: 257.5234237095666
  yaw: -99.43918
  pitch: 3.735052
logoutlocation:
  world: world
  x: -12.490113445733096
  y: 64.0
  z: 279.4740040659371
  yaw: 92.25296
  pitch: 10.496292
