lastAccountName: Haowix
timestamps:
  login: 1564285431177
  lastteleport: 1564286450445
  logout: 1564287117755
ipAddress: 0:0:0:0:0:0:0:1
lastlocation:
  world: world
  x: -13.490736821851494
  y: 68.0
  z: 256.3300545808151
  yaw: 355.18506
  pitch: 5.9998274
logoutlocation:
  world: world
  x: 1076.2769033568293
  y: 92.0
  z: -288.83013864325017
  yaw: 329.99146
  pitch: 24.600063
