lastAccountName: vlad's niece's
timestamps:
  login: 1568533834461
  lastteleport: 1568533929876
  logout: 1568534145471
ipAddress: 0:0:0:0:0:0:0:1
lastlocation:
  world: world
  x: -5.23349628434944
  y: 69.0
  z: 214.52731890211314
  yaw: 34.045715
  pitch: 51.023968
logoutlocation:
  world: world
  x: 804.3195519693774
  y: 70.0
  z: -98.43975015710136
  yaw: -198.02414
  pitch: 25.500002
