lastAccountName: Johann
timestamps:
  login: 1569907908772
  logout: 1569908033352
  lastteleport: 1569825424834
ipAddress: 0:0:0:0:0:0:0:1
lastlocation:
  world: world
  x: 726.1215403329002
  y: 74.9375
  z: -183.63326654064284
  yaw: 177.02283
  pitch: 25.4999
logoutlocation:
  world: world
  x: 743.0434884706887
  y: 70.9375
  z: -201.71226578854194
  yaw: 9.748413
  pitch: 2.5502455
money: '3282.0'
