lastAccountName: Johann
timestamps:
  login: 1568128382689
  logout: 1568130274888
  lastteleport: 1568128703960
ipAddress: 0:0:0:0:0:0:0:1
lastlocation:
  world: world
  x: 792.2358138745816
  y: 68.0
  z: -130.05486677316048
  yaw: -244.22096
  pitch: 16.34993
logoutlocation:
  world: world
  x: 749.6999999880791
  y: 86.0
  z: -182.17129091159765
  yaw: 84.26318
  pitch: 35.250168
