lastAccountName: Johann
timestamps:
  login: 1568392092463
  logout: 1568392605566
  lastteleport: 1568179540020
ipAddress: 0:0:0:0:0:0:0:1
lastlocation:
  world: world
  x: 682.463623932558
  y: 78.0
  z: -154.45977919964568
  yaw: 72.87871
  pitch: 10.499931
logoutlocation:
  world: world
  x: 726.5177328658191
  y: 78.875
  z: -185.17098220453877
  yaw: -30.623302
  pitch: 36.749924
