lastAccountName: Johann
timestamps:
  login: 1568087397158
  logout: 1568090508732
  lastteleport: 1568038759117
ipAddress: 0:0:0:0:0:0:0:1
lastlocation:
  world: world
  x: 1326.9553276103875
  y: 71.0
  z: -353.0282608598955
  yaw: -203.42969
  pitch: 27.150234
logoutlocation:
  world: world
  x: 726.8243572269863
  y: 78.875
  z: -185.0733778193409
  yaw: -257.57367
  pitch: 40.35001
