lastAccountName: Johann
timestamps:
  login: 1568622498552
  logout: 1568628162250
  lastteleport: 1568603192091
ipAddress: 0:0:0:0:0:0:0:1
lastlocation:
  world: world
  x: 713.4172858837769
  y: 69.0
  z: -130.14277470939908
  yaw: 19.505646
  pitch: 8.399615
logoutlocation:
  world: world
  x: 725.7774598490212
  y: 78.0
  z: -182.11057822399871
  yaw: 119.827545
  pitch: 25.650023
