lastAccountName: Johann
timestamps:
  login: 1572399593886
  logout: 1572400254631
  lastteleport: 1570802320425
ipAddress: 0:0:0:0:0:0:0:1
lastlocation:
  world: world
  x: 692.1922048308816
  y: 77.0
  z: -169.0042993016875
  yaw: 256.1817
  pitch: 30.900007
logoutlocation:
  world: world
  x: 732.1556844094957
  y: 78.0625
  z: -182.6957359904001
  yaw: -282.56274
  pitch: 12.750292
money: '402.0'
