lastAccountName: Johann
timestamps:
  login: 1567301324600
  logout: 1567301780809
  lastteleport: 1566830089551
ipAddress: 0:0:0:0:0:0:0:1
lastlocation:
  world: world
  x: 639.1984559014302
  y: 83.0
  z: -259.4595398371464
  yaw: -90.19792
  pitch: 11.40018
logoutlocation:
  world: world
  x: 600.0376647834588
  y: 87.0
  z: -94.832887582496
  yaw: 292.0713
  pitch: 9.327643
