lastAccountName: Johann
timestamps:
  login: 1566530965176
  logout: 1566532042682
  lastteleport: 1566353365646
ipAddress: 0:0:0:0:0:0:0:1
lastlocation:
  world: world
  x: 721.4658216740486
  y: 76.5
  z: -181.78611213820585
  yaw: 170.85736
  pitch: 26.717144
logoutlocation:
  world: world
  x: 732.5697965182917
  y: 78.0
  z: -184.4747995144254
  yaw: 68.37504
  pitch: 13.649997
