lastAccountName: Johann
timestamps:
  login: 1568247554197
  logout: 1568247818232
  lastteleport: 1568179540020
ipAddress: 0:0:0:0:0:0:0:1
lastlocation:
  world: world
  x: 682.463623932558
  y: 78.0
  z: -154.45977919964568
  yaw: 72.87871
  pitch: 10.499931
logoutlocation:
  world: world
  x: 489.19282446441497
  y: 62.355786354267885
  z: -218.9267967105251
  yaw: -82.49869
  pitch: 22.499992
