lastAccountName: Johann
timestamps:
  login: 1569462115436
  logout: 1569463062418
  lastteleport: 1569460720706
ipAddress: 0:0:0:0:0:0:0:1
lastlocation:
  world: world
  x: 726.1102728676126
  y: 78.0
  z: -182.48021323735816
  yaw: 82.47884
  pitch: 28.800081
logoutlocation:
  world: world
  x: 697.4838022387063
  y: 70.0
  z: -162.12661173718308
  yaw: -206.23224
  pitch: 3.600184
money: '4936.0'
