lastAccountName: Johann
timestamps:
  login: 1570846219275
  logout: 1570846301522
  lastteleport: 1570802320425
ipAddress: 0:0:0:0:0:0:0:1
lastlocation:
  world: world
  x: 692.1922048308816
  y: 77.0
  z: -169.0042993016875
  yaw: 256.1817
  pitch: 30.900007
logoutlocation:
  world: world
  x: 726.5803642804331
  y: 78.0
  z: -178.2259453314741
  yaw: 90.46791
  pitch: 33.750244
money: '402.0'
