lastAccountName: Johann
timestamps:
  login: 1570336662305
  logout: 1570336720862
  lastteleport: 1570292995301
ipAddress: 0:0:0:0:0:0:0:1
lastlocation:
  world: world
  x: 739.0354836005268
  y: 75.5
  z: -177.30000001192093
  yaw: -274.63245
  pitch: -1.3498709
logoutlocation:
  world: world
  x: 734.5311970232663
  y: 75.0
  z: -181.0552909135497
  yaw: -61.779728
  pitch: 16.049969
money: '6674.0'
