lastAccountName: Johann
timestamps:
  login: 1568510175675
  logout: 1568511176572
  lastteleport: 1568179540020
ipAddress: 0:0:0:0:0:0:0:1
lastlocation:
  world: world
  x: 682.463623932558
  y: 78.0
  z: -154.45977919964568
  yaw: 72.87871
  pitch: 10.499931
logoutlocation:
  world: world
  x: 717.2622516145468
  y: 68.0
  z: -154.81469303572314
  yaw: -177.15242
  pitch: 12.900141
