lastAccountName: Johann
timestamps:
  login: 1567670299050
  logout: 1567670309229
  lastteleport: 1567524683469
ipAddress: 0:0:0:0:0:0:0:1
lastlocation:
  world: world
  x: 728.4058758340414
  y: 78.0
  z: -179.46474618279197
  yaw: -219.32507
  pitch: 17.399984
logoutlocation:
  world: world
  x: 735.4875000119209
  y: 78.0
  z: -177.30000001192093
  yaw: -286.56897
  pitch: 20.250051
