lastAccountName: Johann
timestamps:
  login: 1564920824972
  logout: 1564924057648
  lastteleport: 1564923320516
ipAddress: 0:0:0:0:0:0:0:1
lastlocation:
  world: world
  x: 741.7674491540382
  y: 75.0
  z: -182.35496316426963
  yaw: 24.424913
  pitch: 24.29999
logoutlocation:
  world: world
  x: 747.1945945213378
  y: 76.0
  z: -178.30000001192093
  yaw: -190.67737
  pitch: 8.399977
