lastAccountName: Johann
timestamps:
  login: 1568598236708
  logout: 1568599334758
  lastteleport: 1568599200427
ipAddress: 0:0:0:0:0:0:0:1
lastlocation:
  world: world
  x: 726.4707267437363
  y: 78.0
  z: -181.7491773879925
  yaw: -16.972412
  pitch: 12.000016
logoutlocation:
  world: world_the_end
  x: -3846.918922780497
  y: 58.0
  z: -1429.270610457851
  yaw: 14.5388365
  pitch: 22.65068
