lastAccountName: Johann
timestamps:
  login: 1567932824296
  logout: 1567932828401
  lastteleport: 1567931021655
ipAddress: 0:0:0:0:0:0:0:1
lastlocation:
  world: world
  x: 733.3443007242031
  y: 79.0
  z: -175.31944676130757
  yaw: 10.262205
  pitch: 26.550066
logoutlocation:
  world: world
  x: 721.3166260510552
  y: 76.5
  z: -182.05485886361362
  yaw: 84.18728
  pitch: 20.099962
