lastAccountName: Johann
timestamps:
  login: 1566224015776
  logout: 1566225649106
  lastteleport: 1566215181003
ipAddress: 0:0:0:0:0:0:0:1
lastlocation:
  world: world
  x: 724.8027921463699
  y: 78.0
  z: -181.65218400179467
  yaw: 58.325714
  pitch: 4.9500127
logoutlocation:
  world: world
  x: 646.5195638925406
  y: 91.0
  z: 149.71238776132157
  yaw: 85.55969
  pitch: 22.200478
