lastAccountName: Johann
timestamps:
  login: 1566832613940
  logout: 1566833419567
  lastteleport: 1566830089551
ipAddress: 0:0:0:0:0:0:0:1
lastlocation:
  world: world
  x: 639.1984559014302
  y: 83.0
  z: -259.4595398371464
  yaw: -90.19792
  pitch: 11.40018
logoutlocation:
  world: world
  x: 726.1784915403506
  y: 78.0
  z: -181.117162763862
  yaw: 116.70494
  pitch: 4.614635
