lastAccountName: Johann
timestamps:
  login: 1569391215294
  logout: 1569392738064
  lastteleport: 1569392361233
ipAddress: 0:0:0:0:0:0:0:1
lastlocation:
  world: world
  x: 726.279265085213
  y: 74.9375
  z: -186.03500513149754
  yaw: -43.03431
  pitch: 15.74992
logoutlocation:
  world: world
  x: 749.6999999880791
  y: 86.0
  z: -182.30265654771196
  yaw: -282.72964
  pitch: 52.05023
money: '5916.0'
