lastAccountName: Johann
timestamps:
  login: 1568788714472
  logout: 1568789363148
  lastteleport: 1568765599344
ipAddress: 0:0:0:0:0:0:0:1
lastlocation:
  world: world
  x: 732.7117828677661
  y: 78.0
  z: -184.68300487732492
  yaw: 11.668762
  pitch: 15.150088
logoutlocation:
  world: world
  x: 727.5347151797735
  y: 78.0
  z: -181.94268764503155
  yaw: 89.46167
  pitch: 20.249962
money: '11431.0'
