lastAccountName: Johann
timestamps:
  login: 1569146308703
  logout: 1569146990885
  lastteleport: 1568990039964
ipAddress: 0:0:0:0:0:0:0:1
lastlocation:
  world: world
  x: 728.0772415802663
  y: 78.0
  z: -180.48289450337518
  yaw: -201.8825
  pitch: 9.300178
logoutlocation:
  world: world
  x: 744.8435419738386
  y: 85.0
  z: -185.77439066127644
  yaw: 192.29602
  pitch: -22.649834
money: '18343.0'
