lastAccountName: Johann
timestamps:
  login: 1569693232335
  logout: 1569693830483
  lastteleport: 1569687827470
ipAddress: 0:0:0:0:0:0:0:1
lastlocation:
  world: world
  x: 727.1645618572768
  y: 78.0
  z: -180.7802278501656
  yaw: -266.382
  pitch: 21.000109
logoutlocation:
  world: world
  x: 749.6999999880791
  y: 86.0
  z: -182.2456064335063
  yaw: -268.93234
  pitch: 33.150158
money: '717.0'
