lastAccountName: Johann
timestamps:
  login: 1567230863344
  logout: 1567231147929
  lastteleport: 1566830089551
ipAddress: 0:0:0:0:0:0:0:1
lastlocation:
  world: world
  x: 639.1984559014302
  y: 83.0
  z: -259.4595398371464
  yaw: -90.19792
  pitch: 11.40018
logoutlocation:
  world: world
  x: 629.4586502171508
  y: 11.0
  z: -291.893360138199
  yaw: 350.22546
  pitch: 16.800001
