lastAccountName: Johann
timestamps:
  login: 1568555127926
  logout: 1568561418098
  lastteleport: 1568561252013
ipAddress: 0:0:0:0:0:0:0:1
lastlocation:
  world: world_the_end
  x: 127.47167393527113
  y: 92.0
  z: -1222.6891943026253
  yaw: -342.1842
  pitch: 38.532314
logoutlocation:
  world: world
  x: 727.6405083496677
  y: 78.0
  z: -178.439151423125
  yaw: -183.02335
  pitch: 32.24995
