lastAccountName: Johann
timestamps:
  login: 1569317515755
  logout: 1569317729804
  lastteleport: 1569311795934
ipAddress: 0:0:0:0:0:0:0:1
lastlocation:
  world: world
  x: 787.0215370148486
  y: 64.0
  z: -173.69999998807907
  yaw: 272.91058
  pitch: 9.600005
logoutlocation:
  world: world
  x: 739.7332507257898
  y: 83.5
  z: -181.64052603903212
  yaw: -279.42926
  pitch: 44.10066
money: '732.0'
