lastAccountName: Johann
timestamps:
  login: 1567871538323
  logout: 1567871553376
  lastteleport: 1567866195432
ipAddress: 0:0:0:0:0:0:0:1
lastlocation:
  world: world
  x: 758.0525633565862
  y: 66.0
  z: -145.26339569260148
  yaw: -37.79535
  pitch: 19.531763
logoutlocation:
  world: world
  x: 747.6847087278335
  y: 85.0625
  z: -171.11995840876685
  yaw: 38.017056
  pitch: 18.299734
