lastAccountName: Johann
timestamps:
  login: 1572605786352
  logout: 1572606054483
  lastteleport: 1572513809101
ipAddress: 0:0:0:0:0:0:0:1
lastlocation:
  world: world
  x: 714.5412246825855
  y: 69.0
  z: -162.57979459195948
  yaw: 281.71826
  pitch: 11.550012
logoutlocation:
  world: world
  x: 749.6999999880791
  y: 86.0
  z: -182.2456064335063
  yaw: -262.9325
  pitch: 31.95017
money: '402.0'
