lastAccountName: Johann
timestamps:
  login: 1568537180595
  logout: 1568540173016
  lastteleport: 1568539580786
ipAddress: 0:0:0:0:0:0:0:1
lastlocation:
  world: world
  x: 734.2906694766019
  y: 78.0
  z: -177.5486739014235
  yaw: -277.37292
  pitch: 35.399883
logoutlocation:
  world: world
  x: 741.141227608854
  y: 75.0
  z: -181.36284818204024
  yaw: 172.3208
  pitch: 21.149961
