lastAccountName: Johann
timestamps:
  login: 1568034406665
  logout: 1568039579648
  lastteleport: 1568038759117
ipAddress: 0:0:0:0:0:0:0:1
lastlocation:
  world: world
  x: 1326.9553276103875
  y: 71.0
  z: -353.0282608598955
  yaw: -203.42969
  pitch: 27.150234
logoutlocation:
  world: world
  x: 728.2154420091917
  y: 79.0
  z: -175.5708276380974
  yaw: 69.27063
  pitch: 34.799786
