lastAccountName: Johann
timestamps:
  login: 1564849401044
  logout: 1564850096544
  lastteleport: 1564749688045
ipAddress: 0:0:0:0:0:0:0:1
lastlocation:
  world: world
  x: 713.2501464241839
  y: 76.0
  z: -178.2139138405188
  yaw: -87.50107
  pitch: 20.400013
logoutlocation:
  world: world
  x: 744.9799363291106
  y: 70.0
  z: -211.98596592252736
  yaw: 343.00708
  pitch: 17.250359
