lastAccountName: Johann
timestamps:
  login: 1569505382894
  logout: 1569505619754
  lastteleport: 1569505205763
ipAddress: 0:0:0:0:0:0:0:1
lastlocation:
  world: world
  x: 749.6999999880791
  y: 86.0
  z: -182.2456064335063
  yaw: -265.6324
  pitch: 39.00017
logoutlocation:
  world: world
  x: 749.6999999880791
  y: 86.0
  z: -181.86425593316298
  yaw: 75.372986
  pitch: 28.902353
money: '12973.0'
