lastAccountName: Johann
timestamps:
  login: 1569303526011
  logout: 1569304400465
  lastteleport: 1569297801603
ipAddress: 0:0:0:0:0:0:0:1
lastlocation:
  world: world
  x: 728.278076314185
  y: 74.9375
  z: -180.32101243988566
  yaw: -251.22827
  pitch: 12.599611
logoutlocation:
  world: world
  x: 748.0865885309905
  y: 85.0625
  z: -181.91012235116278
  yaw: -120.1323
  pitch: 18.000093
money: '22879.0'
