lastAccountName: Johann
timestamps:
  login: 1566529821359
  logout: 1566530348165
  lastteleport: 1566353365646
ipAddress: 0:0:0:0:0:0:0:1
lastlocation:
  world: world
  x: 721.4658216740486
  y: 76.5
  z: -181.78611213820585
  yaw: 170.85736
  pitch: 26.717144
logoutlocation:
  world: world
  x: 746.6852631260332
  y: 75.0
  z: -262.69999998807907
  yaw: 92.1958
  pitch: 16.800007
