lastAccountName: Johann
timestamps:
  login: 1567653665419
  logout: 1567655375679
  lastteleport: 1567524683469
ipAddress: 0:0:0:0:0:0:0:1
lastlocation:
  world: world
  x: 728.4058758340414
  y: 78.0
  z: -179.46474618279197
  yaw: -219.32507
  pitch: 17.399984
logoutlocation:
  world: world
  x: 710.9443573228498
  y: 69.0
  z: -132.77659047371617
  yaw: 210.11548
  pitch: 11.24985
