lastAccountName: Johann
timestamps:
  login: 1566780004239
  logout: 1566780651469
  lastteleport: 1566748656017
ipAddress: 0:0:0:0:0:0:0:1
lastlocation:
  world: world
  x: 740.5350797286033
  y: 75.0
  z: -178.1070329950924
  yaw: -277.5249
  pitch: 18.14998
logoutlocation:
  world: world
  x: 623.9259030292978
  y: 11.0
  z: -242.74944488833233
  yaw: 11.521973
  pitch: 8.849981
