lastAccountName: Johann
timestamps:
  login: 1570255132025
  logout: 1570255265869
  lastteleport: 1570000192614
ipAddress: 0:0:0:0:0:0:0:1
lastlocation:
  world: world
  x: 743.0750930352995
  y: 85.0625
  z: -183.88031427237254
  yaw: 72.161865
  pitch: 34.050266
logoutlocation:
  world: world
  x: 740.3000000119209
  y: 85.0625
  z: -169.61310050021908
  yaw: 83.418365
  pitch: 16.650341
money: '7674.0'
