lastAccountName: Johann
timestamps:
  login: 1569427325415
  logout: 1569427911975
  lastteleport: 1569426115203
ipAddress: 0:0:0:0:0:0:0:1
lastlocation:
  world: world
  x: 284.8381024958576
  y: 48.0
  z: 312.2059383100845
  yaw: 29.428108
  pitch: 22.878355
logoutlocation:
  world: world
  x: 749.6999999880791
  y: 86.0
  z: -181.8737222196426
  yaw: 94.92883
  pitch: 21.300074
money: '2416.0'
