lastAccountName: Johann
timestamps:
  login: 1566487668541
  logout: 1566488541153
  lastteleport: 1566353365646
ipAddress: 0:0:0:0:0:0:0:1
lastlocation:
  world: world
  x: 721.4658216740486
  y: 76.5
  z: -181.78611213820585
  yaw: 170.85736
  pitch: 26.717144
logoutlocation:
  world: world
  x: 743.2712208728888
  y: 85.0
  z: -165.92500001192093
  yaw: 36.68335
  pitch: 25.500027
