lastAccountName: Johann
timestamps:
  login: 1566191845904
  logout: 1566191907058
  lastteleport: 1566191174197
ipAddress: 0:0:0:0:0:0:0:1
lastlocation:
  world: world
  x: -6.4456741849094765
  y: 69.0
  z: 216.26515229293813
  yaw: -179.8543
  pitch: 1.0739887
logoutlocation:
  world: world
  x: 726.1503339003474
  y: 85.0
  z: -179.63846615919167
  yaw: 291.52994
  pitch: 36.900047
