lastAccountName: Johann
timestamps:
  login: 1564406922803
  logout: 1564410386424
  lastteleport: 1564395407071
ipAddress: 0:0:0:0:0:0:0:1
lastlocation:
  world: world
  x: 485.0211685739897
  y: 69.0
  z: 1604.3771040288707
  yaw: -178.5918
  pitch: 21.30002
logoutlocation:
  world: world
  x: 680.540468229583
  y: 78.0
  z: -192.4664967454677
  yaw: -23.773071
  pitch: 23.699917
