lastAccountName: Johann
timestamps:
  login: 1572510123147
  logout: 1572511483139
  lastteleport: 1570802320425
ipAddress: 0:0:0:0:0:0:0:1
lastlocation:
  world: world
  x: 692.1922048308816
  y: 77.0
  z: -169.0042993016875
  yaw: 256.1817
  pitch: 30.900007
logoutlocation:
  world: world
  x: 498.12716302357916
  y: 66.0
  z: 171.36991387106306
  yaw: 256.28003
  pitch: 11.400067
money: '402.0'
