lastAccountName: Johann
timestamps:
  login: 1566307580809
  logout: 1566308267650
  lastteleport: 1566215181003
ipAddress: 0:0:0:0:0:0:0:1
lastlocation:
  world: world
  x: 724.8027921463699
  y: 78.0
  z: -181.65218400179467
  yaw: 58.325714
  pitch: 4.9500127
logoutlocation:
  world: world
  x: 732.5697965182917
  y: 78.0
  z: -184.4747995144254
  yaw: 43.32504
  pitch: 19.349997
