lastAccountName: Johann
timestamps:
  login: 1569763916532
  logout: 1569764402512
  lastteleport: 1569761416799
ipAddress: 0:0:0:0:0:0:0:1
lastlocation:
  world: world
  x: 1707.4981831648147
  y: 70.0
  z: -429.93000224238534
  yaw: 180.40964
  pitch: 12.74996
logoutlocation:
  world: world
  x: 657.299999974668
  y: 85.67710584782787
  z: -177.70000002533197
  yaw: 260.53055
  pitch: 3.1499994
money: '717.0'
