lastAccountName: Johann
timestamps:
  login: 1570085485137
  logout: 1570087417400
  lastteleport: 1570000192614
ipAddress: 0:0:0:0:0:0:0:1
lastlocation:
  world: world
  x: 743.0750930352995
  y: 85.0625
  z: -183.88031427237254
  yaw: 72.161865
  pitch: 34.050266
logoutlocation:
  world: world
  x: 780.1181488975545
  y: 100.5
  z: 926.1227690949545
  yaw: 285.04596
  pitch: -2.8500571
money: '7674.0'
