lastAccountName: Johann
timestamps:
  login: 1569636392967
  logout: 1569636420018
  lastteleport: 1569635064859
ipAddress: 0:0:0:0:0:0:0:1
lastlocation:
  world: world
  x: 765.8282201165334
  y: 68.0
  z: -302.9366036435136
  yaw: -24.43573
  pitch: 7.350233
logoutlocation:
  world: world
  x: 749.6999999880791
  y: 86.0
  z: -182.2456064335063
  yaw: -268.03238
  pitch: 8.8501625
money: '277.0'
