lastAccountName: Johann
timestamps:
  login: 1567553562735
  logout: 1567553643087
  lastteleport: 1567524683469
ipAddress: 0:0:0:0:0:0:0:1
lastlocation:
  world: world
  x: 728.4058758340414
  y: 78.0
  z: -179.46474618279197
  yaw: -219.32507
  pitch: 17.399984
logoutlocation:
  world: world
  x: 1216.699999988079
  y: 50.9487290254909
  z: -2817.5561612904175
  yaw: -18.192066
  pitch: 40.65027
