lastAccountName: Johann
timestamps:
  login: 1564146504990
  logout: 1564146669838
  lastteleport: 1564145142861
ipAddress: 0:0:0:0:0:0:0:1
lastlocation:
  world: world
  x: -6.4456741849094765
  y: 69.0
  z: 216.26515229293813
  yaw: -179.8543
  pitch: 1.0739887
logoutlocation:
  world: world
  x: 743.8925300750758
  y: 85.0
  z: -182.17168435330726
  yaw: 78.272766
  pitch: 22.500086
