lastAccountName: Johann
timestamps:
  login: 1566734102671
  logout: 1566734840670
  lastteleport: 1566658975624
ipAddress: 0:0:0:0:0:0:0:1
lastlocation:
  world: world
  x: 725.7225428050741
  y: 78.0
  z: -182.36816370682246
  yaw: 85.925064
  pitch: 12.449995
logoutlocation:
  world: world
  x: 726.1363664134777
  y: 78.0
  z: -180.31711738171623
  yaw: 42.91748
  pitch: 27.00003
