lastAccountName: Johann
timestamps:
  login: 1568813930774
  logout: 1568819660123
  lastteleport: 1568818605686
ipAddress: 0:0:0:0:0:0:0:1
lastlocation:
  world: world
  x: 749.6999999880791
  y: 86.0
  z: -182.2456064335063
  yaw: -270.13245
  pitch: 35.550167
logoutlocation:
  world: world
  x: 558.4622956735492
  y: 80.0
  z: -418.4444042034055
  yaw: -70.92553
  pitch: 36.450233
money: '15463.0'
