lastAccountName: Johann
timestamps:
  login: 1567947105820
  logout: 1567947499767
  lastteleport: 1567931021655
ipAddress: 0:0:0:0:0:0:0:1
lastlocation:
  world: world
  x: 733.3443007242031
  y: 79.0
  z: -175.31944676130757
  yaw: 10.262205
  pitch: 26.550066
logoutlocation:
  world: world
  x: 616.7387076519921
  y: 83.41999998688698
  z: -237.6251438300724
  yaw: 215.0392
  pitch: 25.05002
