lastAccountName: Johann
timestamps:
  login: 1572233551359
  logout: 1572234092197
  lastteleport: 1570802320425
ipAddress: 0:0:0:0:0:0:0:1
lastlocation:
  world: world
  x: 692.1922048308816
  y: 77.0
  z: -169.0042993016875
  yaw: 256.1817
  pitch: 30.900007
logoutlocation:
  world: world
  x: 785.0781563609587
  y: 89.0
  z: 950.988388887301
  yaw: 74.70871
  pitch: 22.34968
money: '402.0'
