lastAccountName: Johann
timestamps:
  login: 1566580109520
  logout: 1566581461720
  lastteleport: 1566570382124
ipAddress: 0:0:0:0:0:0:0:1
lastlocation:
  world: world
  x: 726.4359345143283
  y: 78.0
  z: -183.08095228521913
  yaw: 80.22505
  pitch: 18.899988
logoutlocation:
  world: world
  x: 725.6082499224174
  y: 78.0
  z: -183.09120788374253
  yaw: 280.924
  pitch: 1.8001693
