lastAccountName: Johann
timestamps:
  login: 1568881035158
  logout: 1568881287613
  lastteleport: 1568878281302
ipAddress: 0:0:0:0:0:0:0:1
lastlocation:
  world: world
  x: 726.8399764638547
  y: 74.9375
  z: -184.82974465570854
  yaw: -27.65033
  pitch: 17.699984
logoutlocation:
  world: world
  x: 738.1999999880791
  y: 81.5
  z: -183.9328192231161
  yaw: 285.4876
  pitch: 10.050008
money: '18343.0'
