lastAccountName: Johann
timestamps:
  login: 1569028684696
  logout: 1569029356035
  lastteleport: 1568990039964
ipAddress: 0:0:0:0:0:0:0:1
lastlocation:
  world: world
  x: 728.0772415802663
  y: 78.0
  z: -180.48289450337518
  yaw: -201.8825
  pitch: 9.300178
logoutlocation:
  world: world
  x: 726.8074380296242
  y: 74.9375
  z: -184.74536692027084
  yaw: -166.18245
  pitch: 22.050144
money: '18343.0'
