lastAccountName: Johann
timestamps:
  login: 1568733069237
  logout: 1568733374144
  lastteleport: 1568722380985
ipAddress: 0:0:0:0:0:0:0:1
lastlocation:
  world: world
  x: 728.4936631684017
  y: 78.0
  z: -180.7055591310165
  yaw: 356.51443
  pitch: 25.04996
logoutlocation:
  world: world
  x: 737.6722741949093
  y: 73.0
  z: -184.69999998807907
  yaw: 255.1194
  pitch: 3.750052
money: '7939.0'
