lastAccountName: Johann
timestamps:
  login: 1571834105646
  logout: 1571834516139
  lastteleport: 1570802320425
ipAddress: 0:0:0:0:0:0:0:1
lastlocation:
  world: world
  x: 692.1922048308816
  y: 77.0
  z: -169.0042993016875
  yaw: 256.1817
  pitch: 30.900007
logoutlocation:
  world: world
  x: 749.4862156608236
  y: 86.0
  z: -181.49711661269492
  yaw: 89.71777
  pitch: 31.649977
money: '402.0'
