lastAccountName: Johann
timestamps:
  login: 1568273671511
  logout: 1568275765552
  lastteleport: 1568179540020
ipAddress: 0:0:0:0:0:0:0:1
lastlocation:
  world: world
  x: 682.463623932558
  y: 78.0
  z: -154.45977919964568
  yaw: 72.87871
  pitch: 10.499931
logoutlocation:
  world: world
  x: 661.7163941294244
  y: 80.0
  z: -167.86250001192093
  yaw: 192.12439
  pitch: 78.45
