lastAccountName: Johann
timestamps:
  login: 1569562146223
  logout: 1569564269621
  lastteleport: 1569543868594
ipAddress: 0:0:0:0:0:0:0:1
lastlocation:
  world: world
  x: 284.04687787485153
  y: 48.0
  z: 308.08984749042236
  yaw: 293.4273
  pitch: 17.32833
logoutlocation:
  world: world
  x: 745.6606718132795
  y: 85.0
  z: -166.15851704718764
  yaw: -344.56497
  pitch: 16.950037
money: '11929.0'
