lastAccountName: Johann
timestamps:
  login: 1568467854338
  logout: 1568469208366
  lastteleport: 1568179540020
ipAddress: 0:0:0:0:0:0:0:1
lastlocation:
  world: world
  x: 682.463623932558
  y: 78.0
  z: -154.45977919964568
  yaw: 72.87871
  pitch: 10.499931
logoutlocation:
  world: world
  x: 749.6970122925507
  y: 86.0
  z: -181.87399892939607
  yaw: 92.376526
  pitch: 18.899937
