lastAccountName: Johann
timestamps:
  login: 1567068123435
  logout: 1567069241450
  lastteleport: 1566830089551
ipAddress: 0:0:0:0:0:0:0:1
lastlocation:
  world: world
  x: 639.1984559014302
  y: 83.0
  z: -259.4595398371464
  yaw: -90.19792
  pitch: 11.40018
logoutlocation:
  world: world
  x: 694.0133195028469
  y: 78.0
  z: -181.74580362531708
  yaw: 297.0144
  pitch: 23.69978
