lastAccountName: Johann
timestamps:
  login: 1569931688304
  logout: 1569937005189
  lastteleport: 1569936165814
ipAddress: 0:0:0:0:0:0:0:1
lastlocation:
  world: world
  x: 728.2101024631436
  y: 78.0
  z: -185.43179935471866
  yaw: -191.38187
  pitch: 22.800165
logoutlocation:
  world: world
  x: 749.6999999880791
  y: 86.0
  z: -182.2456064335063
  yaw: -323.83243
  pitch: 54.900185
money: '4110.0'
