lastAccountName: Johann
timestamps:
  login: 1569324682241
  logout: 1569325337198
  lastteleport: 1569311795934
ipAddress: 0:0:0:0:0:0:0:1
lastlocation:
  world: world
  x: 787.0215370148486
  y: 64.0
  z: -173.69999998807907
  yaw: 272.91058
  pitch: 9.600005
logoutlocation:
  world: world
  x: 749.6999999880791
  y: 86.0
  z: -182.2456064335063
  yaw: -271.33246
  pitch: 35.70017
money: '732.0'
