lastAccountName: Johann
timestamps:
  login: 1566397800623
  logout: 1566399573742
  lastteleport: 1566353365646
ipAddress: 0:0:0:0:0:0:0:1
lastlocation:
  world: world
  x: 721.4658216740486
  y: 76.5
  z: -181.78611213820585
  yaw: 170.85736
  pitch: 26.717144
logoutlocation:
  world: world
  x: 606.5285667361237
  y: 66.0
  z: 3.966092671735681
  yaw: 186.10413
  pitch: 14.550048
