lastAccountName: Johann
timestamps:
  login: 1566616749358
  logout: 1566617253362
  lastteleport: 1566570382124
ipAddress: 0:0:0:0:0:0:0:1
lastlocation:
  world: world
  x: 726.4359345143283
  y: 78.0
  z: -183.08095228521913
  yaw: 80.22505
  pitch: 18.899988
logoutlocation:
  world: world
  x: 594.8946926194462
  y: 64.0
  z: -770.3709129209893
  yaw: -86.099
  pitch: 17.55001
