lastAccountName: Johann
timestamps:
  login: 1566204415985
  logout: 1566207486616
  lastteleport: 1566199646656
ipAddress: 0:0:0:0:0:0:0:1
lastlocation:
  world: world
  x: -6.4456741849094765
  y: 69.0
  z: 216.26515229293813
  yaw: -179.8543
  pitch: 1.0739887
logoutlocation:
  world: world
  x: 724.2253477572049
  y: 78.0
  z: -182.16801262737104
  yaw: -90.324814
  pitch: 19.650023
