lastAccountName: Johann
timestamps:
  login: 1570066966356
  logout: 1570069334059
  lastteleport: 1570000192614
ipAddress: 0:0:0:0:0:0:0:1
lastlocation:
  world: world
  x: 743.0750930352995
  y: 85.0625
  z: -183.88031427237254
  yaw: 72.161865
  pitch: 34.050266
logoutlocation:
  world: world
  x: 749.6999999880791
  y: 86.0
  z: -181.62238016502587
  yaw: 72.467865
  pitch: 35.700138
money: '7674.0'
