lastAccountName: Johann
timestamps:
  login: 1567670140069
  logout: 1567670166167
  lastteleport: 1567524683469
ipAddress: 0:0:0:0:0:0:0:1
lastlocation:
  world: world
  x: 728.4058758340414
  y: 78.0
  z: -179.46474618279197
  yaw: -219.32507
  pitch: 17.399984
logoutlocation:
  world: world
  x: 740.9514181796417
  y: 75.0
  z: -177.79283158652566
  yaw: -159.66907
  pitch: 20.250044
