lastAccountName: Johann
timestamps:
  login: 1567947587310
  logout: 1567953182214
  lastteleport: 1567931021655
ipAddress: 0:0:0:0:0:0:0:1
lastlocation:
  world: world
  x: 733.3443007242031
  y: 79.0
  z: -175.31944676130757
  yaw: 10.262205
  pitch: 26.550066
logoutlocation:
  world: world
  x: 664.3659862029309
  y: 77.0
  z: -176.34167680900413
  yaw: 263.9757
  pitch: 5.2500734
