lastAccountName: Johann
timestamps:
  login: 1572532267962
  logout: 1572533247900
  lastteleport: 1572513809101
ipAddress: 0:0:0:0:0:0:0:1
lastlocation:
  world: world
  x: 714.5412246825855
  y: 69.0
  z: -162.57979459195948
  yaw: 281.71826
  pitch: 11.550012
logoutlocation:
  world: world
  x: 786.754705978114
  y: 89.0
  z: 951.6340092572267
  yaw: 269.26367
  pitch: 18.4497
money: '402.0'
