lastAccountName: Johann
timestamps:
  login: 1567856342360
  logout: 1567857218706
  lastteleport: 1567524683469
ipAddress: 0:0:0:0:0:0:0:1
lastlocation:
  world: world
  x: 728.4058758340414
  y: 78.0
  z: -179.46474618279197
  yaw: -219.32507
  pitch: 17.399984
logoutlocation:
  world: world
  x: 750.9991103105208
  y: 68.17675927506424
  z: -166.03553504020059
  yaw: 78.80499
  pitch: 13.199994
