lastAccountName: Johann
timestamps:
  login: 1567813556214
  logout: 1567814303182
  lastteleport: 1567524683469
ipAddress: 0:0:0:0:0:0:0:1
lastlocation:
  world: world
  x: 728.4058758340414
  y: 78.0
  z: -179.46474618279197
  yaw: -219.32507
  pitch: 17.399984
logoutlocation:
  world: world
  x: 629.7816060987873
  y: 80.0
  z: -223.86404492203366
  yaw: 205.5293
  pitch: 10.200172
