lastAccountName: Johann
timestamps:
  login: 1569818784421
  logout: 1569820644163
  lastteleport: 1569819088303
ipAddress: 0:0:0:0:0:0:0:1
lastlocation:
  world: world
  x: 726.1199726925881
  y: 78.0
  z: -183.1985496695524
  yaw: 191.40869
  pitch: 21.74988
logoutlocation:
  world: world
  x: 740.299999974668
  y: 85.0625002
  z: -173.70000002533197
  yaw: -46.18045
  pitch: 8.099991
money: '978.0'
