lastAccountName: Johann
timestamps:
  login: 1567696902909
  logout: 1567697093525
  lastteleport: 1567524683469
ipAddress: 0:0:0:0:0:0:0:1
lastlocation:
  world: world
  x: 728.4058758340414
  y: 78.0
  z: -179.46474618279197
  yaw: -219.32507
  pitch: 17.399984
logoutlocation:
  world: world
  x: 616.3517761526908
  y: 79.0
  z: -276.9269485011124
  yaw: 110.03119
  pitch: 3.900096
