lastAccountName: Johann
timestamps:
  login: 1570797277760
  logout: 1570797684636
  lastteleport: 1570368972449
ipAddress: 0:0:0:0:0:0:0:1
lastlocation:
  world: world_nether
  x: 76.02033793645008
  y: 75.0
  z: 501.6994161691993
  yaw: 177.14502
  pitch: 19.199865
logoutlocation:
  world: world
  x: 647.4125758837438
  y: 79.0
  z: -174.43415618697273
  yaw: 3.3065796
  pitch: 15.600189
money: '8402.0'
