lastAccountName: Johann
timestamps:
  login: 1567264380677
  logout: 1567265286458
  lastteleport: 1566830089551
ipAddress: 0:0:0:0:0:0:0:1
lastlocation:
  world: world
  x: 639.1984559014302
  y: 83.0
  z: -259.4595398371464
  yaw: -90.19792
  pitch: 11.40018
logoutlocation:
  world: world
  x: 727.443192661287
  y: 78.0
  z: -182.35584948891804
  yaw: 82.96548
  pitch: 21.777475
