lastAccountName: Johann
timestamps:
  login: 1570783112166
  logout: 1570783223450
  lastteleport: 1570368972449
ipAddress: 0:0:0:0:0:0:0:1
lastlocation:
  world: world_nether
  x: 76.02033793645008
  y: 75.0
  z: 501.6994161691993
  yaw: 177.14502
  pitch: 19.199865
logoutlocation:
  world: world
  x: 732.300312424348
  y: 72.0
  z: -257.1567593810183
  yaw: -181.03294
  pitch: 39.600243
money: '8402.0'
