lastAccountName: Johann
timestamps:
  login: 1571836180091
  logout: 1571838982183
  lastteleport: 1570802320425
ipAddress: 0:0:0:0:0:0:0:1
lastlocation:
  world: world
  x: 692.1922048308816
  y: 77.0
  z: -169.0042993016875
  yaw: 256.1817
  pitch: 30.900007
logoutlocation:
  world: world
  x: 749.6999999880791
  y: 86.0
  z: -182.53787432235157
  yaw: -277.336
  pitch: 29.10018
money: '402.0'
