lastAccountName: Johann
timestamps:
  login: 1566296945432
  logout: 1566298185330
  lastteleport: 1566215181003
ipAddress: 0:0:0:0:0:0:0:1
lastlocation:
  world: world
  x: 724.8027921463699
  y: 78.0
  z: -181.65218400179467
  yaw: 58.325714
  pitch: 4.9500127
logoutlocation:
  world: world
  x: 596.9655327570955
  y: 87.0
  z: -68.27985049943877
  yaw: -182.44092
  pitch: 27.000065
