lastAccountName: Johann
timestamps:
  login: 1568555041293
  logout: 1568555044196
  lastteleport: 1568552112806
ipAddress: 0:0:0:0:0:0:0:1
lastlocation:
  world: world
  x: 713.9332499470607
  y: 76.0
  z: -178.77134792604767
  yaw: -150.34393
  pitch: 2.5499449
logoutlocation:
  world: world
  x: 727.409429922058
  y: 78.0
  z: -183.01640459633782
  yaw: 66.75442
  pitch: 14.09998
