lastAccountName: Johann
timestamps:
  login: 1566623692211
  logout: 1566624190659
  lastteleport: 1566570382124
ipAddress: 0:0:0:0:0:0:0:1
lastlocation:
  world: world
  x: 726.4359345143283
  y: 78.0
  z: -183.08095228521913
  yaw: 80.22505
  pitch: 18.899988
logoutlocation:
  world: world
  x: 748.8241358591645
  y: 85.0
  z: -165.925000011921
  yaw: 31.738403
  pitch: 34.799934
