lastAccountName: Johann
timestamps:
  login: 1571888444047
  logout: 1571888537585
  lastteleport: 1570802320425
ipAddress: 0:0:0:0:0:0:0:1
lastlocation:
  world: world
  x: 692.1922048308816
  y: 77.0
  z: -169.0042993016875
  yaw: 256.1817
  pitch: 30.900007
logoutlocation:
  world: world
  x: 698.9499999880791
  y: 69.0
  z: -190.91328136044808
  yaw: -34.335945
  pitch: 11.850201
money: '402.0'
