lastAccountName: Johann
timestamps:
  login: 1566276423083
  logout: 1566276816942
  lastteleport: 1566215181003
ipAddress: 0:0:0:0:0:0:0:1
lastlocation:
  world: world
  x: 724.8027921463699
  y: 78.0
  z: -181.65218400179467
  yaw: 58.325714
  pitch: 4.9500127
logoutlocation:
  world: world
  x: 710.2679888386746
  y: 76.0
  z: -182.7014601672115
  yaw: -88.11789
  pitch: 15.000059
