lastAccountName: Johann
timestamps:
  login: 1566743056525
  logout: 1566749227226
  lastteleport: 1566748656017
ipAddress: 0:0:0:0:0:0:0:1
lastlocation:
  world: world
  x: 740.5350797286033
  y: 75.0
  z: -178.1070329950924
  yaw: -277.5249
  pitch: 18.14998
logoutlocation:
  world: world
  x: 633.2916585573173
  y: 12.0
  z: -242.43074109562778
  yaw: 341.0713
  pitch: 26.85005
