lastAccountName: Johann
timestamps:
  login: 1568906507469
  logout: 1568906514796
  lastteleport: 1568902952917
ipAddress: 0:0:0:0:0:0:0:1
lastlocation:
  world: world
  x: 740.0863363503948
  y: 75.0
  z: -180.69999998807907
  yaw: 151.38799
  pitch: 24.900032
logoutlocation:
  world: world
  x: 749.6999999880791
  y: 86.0
  z: -182.2456064335063
  yaw: -271.33246
  pitch: 35.70017
money: '18343.0'
