lastAccountName: Johann
timestamps:
  login: 1569390255002
  logout: 1569391142539
  lastteleport: 1569390872644
ipAddress: 0:0:0:0:0:0:0:1
lastlocation:
  world: world
  x: 635.0272824667845
  y: 62.0
  z: -373.1260286789472
  yaw: -270.86188
  pitch: 19.350092
logoutlocation:
  world: world
  x: 622.9036421922162
  y: 64.49520087700593
  z: -350.30000001192093
  yaw: 4.366699
  pitch: 28.050465
money: '1884.0'
