lastAccountName: Johann
timestamps:
  login: 1569492074861
  logout: 1569492082699
  lastteleport: 1569479867740
ipAddress: 0:0:0:0:0:0:0:1
lastlocation:
  world: world
  x: 751.8848819831211
  y: 68.9375
  z: -291.03804716630276
  yaw: -55.320335
  pitch: 7.4999743
logoutlocation:
  world: world
  x: 749.6999999880791
  y: 86.0
  z: -182.2456064335063
  yaw: -271.33246
  pitch: 35.70017
money: '8221.0'
