lastAccountName: Johann
timestamps:
  login: 1572578682523
  logout: 1572580185900
  lastteleport: 1572513809101
ipAddress: 0:0:0:0:0:0:0:1
lastlocation:
  world: world
  x: 714.5412246825855
  y: 69.0
  z: -162.57979459195948
  yaw: 281.71826
  pitch: 11.550012
logoutlocation:
  world: world
  x: 749.6999999880791
  y: 86.0
  z: -181.3835157534596
  yaw: 108.95036
  pitch: 24.449934
money: '402.0'
