lastAccountName: Johann
timestamps:
  login: 1567520092339
  logout: 1567525190118
  lastteleport: 1567524683469
ipAddress: 0:0:0:0:0:0:0:1
lastlocation:
  world: world
  x: 728.4058758340414
  y: 78.0
  z: -179.46474618279197
  yaw: -219.32507
  pitch: 17.399984
logoutlocation:
  world: world
  x: 1222.7563887130084
  y: 49.200000047683716
  z: -2813.300000011921
  yaw: 65.95813
  pitch: 47.550316
