lastAccountName: Johann
timestamps:
  login: 1569983026584
  logout: 1569983313454
  lastteleport: 1569936165814
ipAddress: 0:0:0:0:0:0:0:1
lastlocation:
  world: world
  x: 728.2101024631436
  y: 78.0
  z: -185.43179935471866
  yaw: -191.38187
  pitch: 22.800165
logoutlocation:
  world: world
  x: 665.991408912468
  y: 63.0
  z: -236.0772577302126
  yaw: -223.7846
  pitch: 11.099983
money: '4110.0'
