lastAccountName: Johann
timestamps:
  login: 1569245116168
  logout: 1569246674544
  lastteleport: 1569246432924
ipAddress: 0:0:0:0:0:0:0:1
lastlocation:
  world: world
  x: 725.5776058992382
  y: 74.9375
  z: -181.7533901191641
  yaw: 55.668064
  pitch: 7.2001395
logoutlocation:
  world: world
  x: 749.6999999880791
  y: 86.0
  z: -182.20763985645434
  yaw: -273.5823
  pitch: 12.750264
money: '19423.0'
