lastAccountName: Johann
timestamps:
  login: 1572102654093
  logout: 1572102775949
  lastteleport: 1570802320425
ipAddress: 0:0:0:0:0:0:0:1
lastlocation:
  world: world
  x: 692.1922048308816
  y: 77.0
  z: -169.0042993016875
  yaw: 256.1817
  pitch: 30.900007
logoutlocation:
  world: world
  x: 749.6999999880791
  y: 86.0
  z: -182.26454603603307
  yaw: -267.28577
  pitch: 23.550165
money: '402.0'
