lastAccountName: Johann
timestamps:
  login: 1567129168529
  logout: 1567130014488
  lastteleport: 1566830089551
ipAddress: 0:0:0:0:0:0:0:1
lastlocation:
  world: world
  x: 639.1984559014302
  y: 83.0
  z: -259.4595398371464
  yaw: -90.19792
  pitch: 11.40018
logoutlocation:
  world: world
  x: 659.27836216991
  y: 68.0
  z: 2.5937102973104444
  yaw: 31.065063
  pitch: 11.400172
