lastAccountName: Johann
timestamps:
  login: 1567130182231
  logout: 1567132137633
  lastteleport: 1566830089551
ipAddress: 0:0:0:0:0:0:0:1
lastlocation:
  world: world
  x: 639.1984559014302
  y: 83.0
  z: -259.4595398371464
  yaw: -90.19792
  pitch: 11.40018
logoutlocation:
  world: world
  x: 749.4377624762785
  y: 86.0
  z: -181.6037598246168
  yaw: 99.11871
  pitch: 34.49982
