lastAccountName: Johann
timestamps:
  login: 1566011629543
  logout: 1566012638909
  lastteleport: 1565876808780
ipAddress: 0:0:0:0:0:0:0:1
lastlocation:
  world: world
  x: 585.3728249427905
  y: 78.0
  z: 114.75248196154338
  yaw: 82.648926
  pitch: 1.3500465
logoutlocation:
  world: world
  x: 730.6214449886586
  y: 78.0
  z: -182.95581991082375
  yaw: 78.12506
  pitch: 11.999994
