lastAccountName: Johann
timestamps:
  login: 1567427985926
  logout: 1567428941904
  lastteleport: 1567428757144
ipAddress: 0:0:0:0:0:0:0:1
lastlocation:
  world: world
  x: 455.4882521827763
  y: 63.0
  z: 279.95748463638074
  yaw: 98.50952
  pitch: 24.774008
logoutlocation:
  world: world
  x: 50.72137657101902
  y: 63.0
  z: 195.63460027145402
  yaw: -305.57306
  pitch: 34.824024
