lastAccountName: Johann
timestamps:
  login: 1567242120265
  logout: 1567242920786
  lastteleport: 1566830089551
ipAddress: 0:0:0:0:0:0:0:1
lastlocation:
  world: world
  x: 639.1984559014302
  y: 83.0
  z: -259.4595398371464
  yaw: -90.19792
  pitch: 11.40018
logoutlocation:
  world: world
  x: 740.7728668315882
  y: 75.0
  z: -181.32939328628362
  yaw: 178.6709
  pitch: 20.399971
