lastAccountName: Johann
timestamps:
  login: 1568637687829
  logout: 1568641077442
  lastteleport: 1568603192091
ipAddress: 0:0:0:0:0:0:0:1
lastlocation:
  world: world
  x: 713.4172858837769
  y: 69.0
  z: -130.14277470939908
  yaw: 19.505646
  pitch: 8.399615
logoutlocation:
  world: world
  x: 740.5078826131087
  y: 84.0
  z: -182.55929290264464
  yaw: 80.83057
  pitch: 42.000427
