lastAccountName: Johann
timestamps:
  login: 1568871054445
  logout: 1568871914415
  lastteleport: 1568818605686
ipAddress: 0:0:0:0:0:0:0:1
lastlocation:
  world: world
  x: 749.6999999880791
  y: 86.0
  z: -182.2456064335063
  yaw: -270.13245
  pitch: 35.550167
logoutlocation:
  world: world
  x: 743.607160697988
  y: 85.0625
  z: -171.491484045842
  yaw: -275.14966
  pitch: 37.19997
money: '15463.0'
