lastAccountName: Johann
timestamps:
  login: 1567737232652
  logout: 1567737983587
  lastteleport: 1567524683469
ipAddress: 0:0:0:0:0:0:0:1
lastlocation:
  world: world
  x: 728.4058758340414
  y: 78.0
  z: -179.46474618279197
  yaw: -219.32507
  pitch: 17.399984
logoutlocation:
  world: world
  x: 750.738475234821
  y: 76.0
  z: -183.04873500013193
  yaw: 351.1963
  pitch: 27.899979
