lastAccountName: Johann
timestamps:
  login: 1566698760767
  logout: 1566698766224
  lastteleport: 1566658975624
ipAddress: 0:0:0:0:0:0:0:1
lastlocation:
  world: world
  x: 725.7225428050741
  y: 78.0
  z: -182.36816370682246
  yaw: 85.925064
  pitch: 12.449995
logoutlocation:
  world: world
  x: 620.1211513470079
  y: 81.0
  z: 109.7628854511511
  yaw: 216.01094
  pitch: 35.399864
