lastAccountName: Johann
timestamps:
  login: 1570292436454
  logout: 1570293265915
  lastteleport: 1570292995301
ipAddress: 0:0:0:0:0:0:0:1
lastlocation:
  world: world
  x: 739.0354836005268
  y: 75.5
  z: -177.30000001192093
  yaw: -274.63245
  pitch: -1.3498709
logoutlocation:
  world: world
  x: 736.4754281153622
  y: 80.0
  z: -182.05601880945335
  yaw: 83.26666
  pitch: 36.000008
money: '6674.0'
