lastAccountName: Johann
timestamps:
  login: 1569067305855
  logout: 1569067782924
  lastteleport: 1568990039964
ipAddress: 0:0:0:0:0:0:0:1
lastlocation:
  world: world
  x: 728.0772415802663
  y: 78.0
  z: -180.48289450337518
  yaw: -201.8825
  pitch: 9.300178
logoutlocation:
  world: world
  x: 749.6999999880791
  y: 86.0
  z: -182.2456064335063
  yaw: -283.3325
  pitch: 87.44999
money: '18343.0'
