lastAccountName: Johann
timestamps:
  login: 1572589975459
  logout: 1572589991644
  lastteleport: 1572513809101
ipAddress: 0:0:0:0:0:0:0:1
lastlocation:
  world: world
  x: 714.5412246825855
  y: 69.0
  z: -162.57979459195948
  yaw: 281.71826
  pitch: 11.550012
logoutlocation:
  world: world
  x: 1066.1419977245334
  y: 69.8500000178814
  z: -126.15891103861068
  yaw: 283.59445
  pitch: 1.1998862
money: '402.0'
