lastAccountName: Johann
timestamps:
  login: 1572694038931
  logout: 1572694516069
  lastteleport: 1572691620104
ipAddress: 0:0:0:0:0:0:0:1
lastlocation:
  world: world
  x: 700.8781606373207
  y: 65.0
  z: -105.874156451629
  yaw: 28.517645
  pitch: 1.9501501
logoutlocation:
  world: world
  x: 780.0949721733207
  y: 106.0
  z: 917.3844317618167
  yaw: -132.46841
  pitch: 25.800379
money: '402.0'
