lastAccountName: Johann
timestamps:
  login: 1566879296057
  logout: 1566879921172
  lastteleport: 1566830089551
ipAddress: 0:0:0:0:0:0:0:1
lastlocation:
  world: world
  x: 639.1984559014302
  y: 83.0
  z: -259.4595398371464
  yaw: -90.19792
  pitch: 11.40018
logoutlocation:
  world: world
  x: 784.838679704996
  y: 46.0
  z: 85.9910755720412
  yaw: 253.9197
  pitch: 29.399935
