lastAccountName: Johann
timestamps:
  login: 1566958323000
  logout: 1566958478497
  lastteleport: 1566830089551
ipAddress: 0:0:0:0:0:0:0:1
lastlocation:
  world: world
  x: 639.1984559014302
  y: 83.0
  z: -259.4595398371464
  yaw: -90.19792
  pitch: 11.40018
logoutlocation:
  world: world
  x: 575.2932131960313
  y: 80.0
  z: -266.7301038075116
  yaw: 216.72656
  pitch: 23.39998
