lastAccountName: Johann
timestamps:
  login: 1568188409921
  logout: 1568188744464
  lastteleport: 1568179540020
ipAddress: 0:0:0:0:0:0:0:1
lastlocation:
  world: world
  x: 682.463623932558
  y: 78.0
  z: -154.45977919964568
  yaw: 72.87871
  pitch: 10.499931
logoutlocation:
  world: world
  x: 744.8003944267557
  y: 85.0
  z: -182.33443032402332
  yaw: -258.9237
  pitch: -71.25002
