lastAccountName: Johann
timestamps:
  login: 1572421747764
  logout: 1572422754799
  lastteleport: 1570802320425
ipAddress: 0:0:0:0:0:0:0:1
lastlocation:
  world: world
  x: 692.1922048308816
  y: 77.0
  z: -169.0042993016875
  yaw: 256.1817
  pitch: 30.900007
logoutlocation:
  world: world
  x: 773.6016393304747
  y: 89.0
  z: 964.9840180050608
  yaw: 9.450073
  pitch: -0.900266
money: '402.0'
