lastAccountName: Johann
timestamps:
  login: 1567492910303
  logout: 1567494594138
  lastteleport: 1567494533619
ipAddress: 0:0:0:0:0:0:0:1
lastlocation:
  world: world
  x: 619.9137364438352
  y: 78.0
  z: -148.10194797890128
  yaw: 59.777832
  pitch: 13.9499035
logoutlocation:
  world: world
  x: 439.3652973462415
  y: 63.0
  z: -192.80607944674477
  yaw: 182.54205
  pitch: 12.449989
