lastAccountName: Johann
timestamps:
  login: 1566783932656
  logout: 1566784601025
  lastteleport: 1566748656017
ipAddress: 0:0:0:0:0:0:0:1
lastlocation:
  world: world
  x: 740.5350797286033
  y: 75.0
  z: -178.1070329950924
  yaw: -277.5249
  pitch: 18.14998
logoutlocation:
  world: world
  x: 590.8746208903284
  y: 63.0
  z: -176.71590080091772
  yaw: 319.30896
  pitch: 1.0500674
