lastAccountName: Johann
timestamps:
  login: 1566930380705
  logout: 1566931347971
  lastteleport: 1566830089551
ipAddress: 0:0:0:0:0:0:0:1
lastlocation:
  world: world
  x: 639.1984559014302
  y: 83.0
  z: -259.4595398371464
  yaw: -90.19792
  pitch: 11.40018
logoutlocation:
  world: world
  x: 722.0997400196565
  y: 76.5
  z: -182.44041150230532
  yaw: -184.82457
  pitch: 13.499985
