lastAccountName: Johann
timestamps:
  login: 1566138663371
  logout: 1566142611202
  lastteleport: 1566141023388
ipAddress: 0:0:0:0:0:0:0:1
lastlocation:
  world: world
  x: 660.9638789902637
  y: 68.0
  z: 10.831442277561905
  yaw: -291.62488
  pitch: 17.70003
logoutlocation:
  world: world
  x: 726.5556124479092
  y: 78.0
  z: -182.8570733595725
  yaw: 277.1769
  pitch: 37.500046
