lastAccountName: Johann
timestamps:
  login: 1567003339083
  logout: 1567004494461
  lastteleport: 1566830089551
ipAddress: 0:0:0:0:0:0:0:1
lastlocation:
  world: world
  x: 639.1984559014302
  y: 83.0
  z: -259.4595398371464
  yaw: -90.19792
  pitch: 11.40018
logoutlocation:
  world: world
  x: 728.1922492159704
  y: 78.0
  z: -179.44123380855393
  yaw: 346.77484
  pitch: 20.699978
