lastAccountName: Johann
timestamps:
  login: 1567875006389
  logout: 1567877729599
  lastteleport: 1567866195432
ipAddress: 0:0:0:0:0:0:0:1
lastlocation:
  world: world
  x: 758.0525633565862
  y: 66.0
  z: -145.26339569260148
  yaw: -37.79535
  pitch: 19.531763
logoutlocation:
  world: world
  x: 749.0779280263279
  y: 85.0625
  z: -173.46488247339113
  yaw: 172.75452
  pitch: 20.10016
