lastAccountName: Johann
timestamps:
  login: 1568092155608
  logout: 1568097799185
  lastteleport: 1568038759117
ipAddress: 0:0:0:0:0:0:0:1
lastlocation:
  world: world
  x: 1326.9553276103875
  y: 71.0
  z: -353.0282608598955
  yaw: -203.42969
  pitch: 27.150234
logoutlocation:
  world: world
  x: 711.8460836210753
  y: 76.0
  z: -178.87346241438112
  yaw: 42.038116
  pitch: 19.799976
