lastAccountName: Johann
timestamps:
  login: 1568990956708
  logout: 1568990957809
  lastteleport: 1568990039964
ipAddress: 0:0:0:0:0:0:0:1
lastlocation:
  world: world
  x: 728.0772415802663
  y: 78.0
  z: -180.48289450337518
  yaw: -201.8825
  pitch: 9.300178
logoutlocation:
  world: world
  x: 749.6999999880791
  y: 86.0
  z: -182.2546650326503
  yaw: -273.4325
  pitch: 29.250168
money: '18343.0'
