lastAccountName: Johann
timestamps:
  login: 1568940174229
  logout: 1568941002551
  lastteleport: 1568902952917
ipAddress: 0:0:0:0:0:0:0:1
lastlocation:
  world: world
  x: 740.0863363503948
  y: 75.0
  z: -180.69999998807907
  yaw: 151.38799
  pitch: 24.900032
logoutlocation:
  world: world
  x: 747.2628161968486
  y: 70.0
  z: -219.7374261293228
  yaw: 23.705566
  pitch: 14.100147
money: '18343.0'
