lastAccountName: Johann
timestamps:
  login: 1568610473681
  logout: 1568610638708
  lastteleport: 1568603192091
ipAddress: 0:0:0:0:0:0:0:1
lastlocation:
  world: world
  x: 713.4172858837769
  y: 69.0
  z: -130.14277470939908
  yaw: 19.505646
  pitch: 8.399615
logoutlocation:
  world: world
  x: 749.6999999880791
  y: 86.0
  z: -182.4663316495848
  yaw: -272.60947
  pitch: 32.249966
