lastAccountName: Johann
timestamps:
  login: 1568280998313
  logout: 1568282149713
  lastteleport: 1568179540020
ipAddress: 0:0:0:0:0:0:0:1
lastlocation:
  world: world
  x: 682.463623932558
  y: 78.0
  z: -154.45977919964568
  yaw: 72.87871
  pitch: 10.499931
logoutlocation:
  world: world
  x: 742.4357623291869
  y: 88.0
  z: -192.01249998807907
  yaw: 105.73606
  pitch: 15.600133
