lastAccountName: Johann
timestamps:
  login: 1568696776097
  logout: 1568702507789
  lastteleport: 1568702337012
ipAddress: 0:0:0:0:0:0:0:1
lastlocation:
  world: world
  x: 727.7697902018294
  y: 78.0
  z: -178.56168694175844
  yaw: 249.6648
  pitch: 31.199919
logoutlocation:
  world: world
  x: 749.6999999880791
  y: 86.0
  z: -181.89042537322214
  yaw: 64.32568
  pitch: 80.54992
money: '2089.0'
