lastAccountName: Johann
timestamps:
  login: 1566571526373
  logout: 1566571831746
  lastteleport: 1566570382124
ipAddress: 0:0:0:0:0:0:0:1
lastlocation:
  world: world
  x: 726.4359345143283
  y: 78.0
  z: -183.08095228521913
  yaw: 80.22505
  pitch: 18.899988
logoutlocation:
  world: world
  x: 726.569960839417
  y: 78.0
  z: -182.13355276295297
  yaw: 83.67502
  pitch: 20.100029
