lastAccountName: Johann
timestamps:
  login: 1566225785361
  logout: 1566227003212
  lastteleport: 1566215181003
ipAddress: 0:0:0:0:0:0:0:1
lastlocation:
  world: world
  x: 724.8027921463699
  y: 78.0
  z: -181.65218400179467
  yaw: 58.325714
  pitch: 4.9500127
logoutlocation:
  world: world
  x: 606.077075330086
  y: 91.0
  z: 148.08767456872118
  yaw: 85.15733
  pitch: 5.7003655
