lastAccountName: Johann
timestamps:
  login: 1566178599352
  logout: 1566181984696
  lastteleport: 1566141023388
ipAddress: 0:0:0:0:0:0:0:1
lastlocation:
  world: world
  x: 660.9638789902637
  y: 68.0
  z: 10.831442277561905
  yaw: -291.62488
  pitch: 17.70003
logoutlocation:
  world: world
  x: 740.6496777814806
  y: 75.0
  z: -177.54616203542759
  yaw: -131.23315
  pitch: 25.487896
