lastAccountName: Johann
timestamps:
  login: 1568246802822
  logout: 1568246917788
  lastteleport: 1568179540020
ipAddress: 0:0:0:0:0:0:0:1
lastlocation:
  world: world
  x: 682.463623932558
  y: 78.0
  z: -154.45977919964568
  yaw: 72.87871
  pitch: 10.499931
logoutlocation:
  world: world
  x: 631.2600347490799
  y: 64.0
  z: 17.614129996635636
  yaw: 262.82172
  pitch: 28.050003
