lastAccountName: Johann
timestamps:
  login: 1567821848714
  logout: 1567821932032
  lastteleport: 1567524683469
ipAddress: 0:0:0:0:0:0:0:1
lastlocation:
  world: world
  x: 728.4058758340414
  y: 78.0
  z: -179.46474618279197
  yaw: -219.32507
  pitch: 17.399984
logoutlocation:
  world: world
  x: 718.9171858182544
  y: 76.0
  z: -183.39206915230173
  yaw: 142.24976
  pitch: 39.599968
