lastAccountName: Johann
timestamps:
  login: 1568690604847
  logout: 1568691550448
  lastteleport: 1568683586181
ipAddress: 0:0:0:0:0:0:0:1
lastlocation:
  world: world
  x: 297.27660462595037
  y: 48.0
  z: 306.79318447053475
  yaw: 207.3286
  pitch: 21.299988
logoutlocation:
  world: world
  x: 758.2241423461907
  y: 69.0
  z: -295.1949069759511
  yaw: 161.62158
  pitch: 8.84983
money: '90.0'
