lastAccountName: Johann
timestamps:
  login: 1569824644843
  logout: 1569826135747
  lastteleport: 1569825424834
ipAddress: 0:0:0:0:0:0:0:1
lastlocation:
  world: world
  x: 726.1215403329002
  y: 74.9375
  z: -183.63326654064284
  yaw: 177.02283
  pitch: 25.4999
logoutlocation:
  world: world
  x: 749.6999999880791
  y: 86.0
  z: -182.2456064335063
  yaw: -271.33246
  pitch: 35.70017
money: '3282.0'
