lastAccountName: Johann
timestamps:
  login: 1568731324491
  logout: 1568733008964
  lastteleport: 1568722380985
ipAddress: 0:0:0:0:0:0:0:1
lastlocation:
  world: world
  x: 728.4936631684017
  y: 78.0
  z: -180.7055591310165
  yaw: 356.51443
  pitch: 25.04996
logoutlocation:
  world: world
  x: 742.6654641530891
  y: 75.0
  z: -179.55570483072793
  yaw: 159.87642
  pitch: 24.750048
money: '7939.0'
