lastAccountName: Johann
timestamps:
  login: 1566136832903
  logout: 1566138552646
  lastteleport: 1565876808780
ipAddress: 0:0:0:0:0:0:0:1
lastlocation:
  world: world
  x: 585.3728249427905
  y: 78.0
  z: 114.75248196154338
  yaw: 82.648926
  pitch: 1.3500465
logoutlocation:
  world: world
  x: 743.0575065721838
  y: 86.17675927506424
  z: -181.96542311649733
  yaw: 270.5293
  pitch: -7.9499927
