lastAccountName: Johann
timestamps:
  login: 1570365587369
  logout: 1570370470159
  lastteleport: 1570368972449
ipAddress: 0:0:0:0:0:0:0:1
lastlocation:
  world: world_nether
  x: 76.02033793645008
  y: 75.0
  z: 501.6994161691993
  yaw: 177.14502
  pitch: 19.199865
logoutlocation:
  world: world
  x: 749.6999999880791
  y: 86.0
  z: -182.2456064335063
  yaw: -272.08243
  pitch: 35.550167
money: '8402.0'
