lastAccountName: Johann
timestamps:
  login: 1569549038417
  logout: 1569549323514
  lastteleport: 1569543868594
ipAddress: 0:0:0:0:0:0:0:1
lastlocation:
  world: world
  x: 284.04687787485153
  y: 48.0
  z: 308.08984749042236
  yaw: 293.4273
  pitch: 17.32833
logoutlocation:
  world: world
  x: 749.6999999880791
  y: 86.0
  z: -181.35194890465888
  yaw: 99.04047
  pitch: 27.458004
money: '11929.0'
