lastAccountName: Johann
timestamps:
  login: 1572616587263
  logout: 1572617169753
  lastteleport: 1572513809101
ipAddress: 0:0:0:0:0:0:0:1
lastlocation:
  world: world
  x: 714.5412246825855
  y: 69.0
  z: -162.57979459195948
  yaw: 281.71826
  pitch: 11.550012
logoutlocation:
  world: world
  x: 773.9063492992224
  y: 84.0
  z: 959.1692415468796
  yaw: 1.8105469
  pitch: 10.649696
money: '402.0'
