lastAccountName: Johann
timestamps:
  login: 1564788616325
  logout: 1564788865214
  lastteleport: 1564749688045
ipAddress: 0:0:0:0:0:0:0:1
lastlocation:
  world: world
  x: 713.2501464241839
  y: 76.0
  z: -178.2139138405188
  yaw: -87.50107
  pitch: 20.400013
logoutlocation:
  world: world
  x: 712.7889389463515
  y: 69.0
  z: -133.57142647964167
  yaw: -120.186035
  pitch: 15.150193
