lastAccountName: Johann
timestamps:
  login: 1569475030694
  logout: 1569477739404
  lastteleport: 1569471370424
ipAddress: 0:0:0:0:0:0:0:1
lastlocation:
  world: world
  x: 729.1392981942139
  y: 78.0625
  z: -179.5072802575899
  yaw: -11.382233
  pitch: 30.450203
logoutlocation:
  world: world
  x: 821.0034503854558
  y: 72.0
  z: -274.79524560221034
  yaw: 248.53717
  pitch: 25.350096
money: '8221.0'
