lastAccountName: Johann
timestamps:
  login: 1568172608283
  logout: 1568174691862
  lastteleport: 1568128703960
ipAddress: 0:0:0:0:0:0:0:1
lastlocation:
  world: world
  x: 792.2358138745816
  y: 68.0
  z: -130.05486677316048
  yaw: -244.22096
  pitch: 16.34993
logoutlocation:
  world: world
  x: 727.050898558142
  y: 78.0
  z: -181.2588813872563
  yaw: 11.823853
  pitch: 22.499846
