lastAccountName: Johann
timestamps:
  login: 1570602864617
  logout: 1570603338742
  lastteleport: 1570368972449
ipAddress: 0:0:0:0:0:0:0:1
lastlocation:
  world: world_nether
  x: 76.02033793645008
  y: 75.0
  z: 501.6994161691993
  yaw: 177.14502
  pitch: 19.199865
logoutlocation:
  world: world
  x: 749.6999999880791
  y: 86.0
  z: -182.2456064335063
  yaw: -270.73248
  pitch: 36.750168
money: '8402.0'
