lastAccountName: Johann
timestamps:
  login: 1572356378968
  logout: 1572358477967
  lastteleport: 1570802320425
ipAddress: 0:0:0:0:0:0:0:1
lastlocation:
  world: world
  x: 692.1922048308816
  y: 77.0
  z: -169.0042993016875
  yaw: 256.1817
  pitch: 30.900007
logoutlocation:
  world: world
  x: 781.8151402316639
  y: 89.0
  z: 948.9226724438362
  yaw: 335.10718
  pitch: 27.449741
money: '402.0'
