lastAccountName: Johann
timestamps:
  login: 1567569590221
  logout: 1567570945802
  lastteleport: 1567524683469
ipAddress: 0:0:0:0:0:0:0:1
lastlocation:
  world: world
  x: 728.4058758340414
  y: 78.0
  z: -179.46474618279197
  yaw: -219.32507
  pitch: 17.399984
logoutlocation:
  world: world
  x: 647.9116580165123
  y: 11.0
  z: -284.9613399609644
  yaw: 31.452637
  pitch: 7.0500736
