lastAccountName: Johann
timestamps:
  login: 1569335166450
  logout: 1569336317312
  lastteleport: 1569336195330
ipAddress: 0:0:0:0:0:0:0:1
lastlocation:
  world: world
  x: 749.6999999880791
  y: 86.0
  z: -182.37848906562107
  yaw: -275.83246
  pitch: 34.500156
logoutlocation:
  world: world
  x: 749.6999999880791
  y: 86.0
  z: -182.26939384110045
  yaw: 81.61774
  pitch: 23.10025
money: '1884.0'
