lastAccountName: Johann
timestamps:
  login: 1567564388474
  logout: 1567565791764
  lastteleport: 1567524683469
ipAddress: 0:0:0:0:0:0:0:1
lastlocation:
  world: world
  x: 728.4058758340414
  y: 78.0
  z: -179.46474618279197
  yaw: -219.32507
  pitch: 17.399984
logoutlocation:
  world: world
  x: 732.5697965182917
  y: 78.0
  z: -184.4747995144254
  yaw: -8.274963
  pitch: 15.749995
