lastAccountName: Johann
timestamps:
  login: 1567088902234
  logout: 1567090346787
  lastteleport: 1566830089551
ipAddress: 0:0:0:0:0:0:0:1
lastlocation:
  world: world
  x: 639.1984559014302
  y: 83.0
  z: -259.4595398371464
  yaw: -90.19792
  pitch: 11.40018
logoutlocation:
  world: world
  x: 749.6999999880791
  y: 86.0
  z: -181.8761474864689
  yaw: 91.85303
  pitch: 52.04991
