lastAccountName: Johann
timestamps:
  login: 1567054259250
  logout: 1567056696930
  lastteleport: 1566830089551
ipAddress: 0:0:0:0:0:0:0:1
lastlocation:
  world: world
  x: 639.1984559014302
  y: 83.0
  z: -259.4595398371464
  yaw: -90.19792
  pitch: 11.40018
logoutlocation:
  world: world
  x: 636.5176327523868
  y: 83.0
  z: -266.6443399517527
  yaw: 193.99133
  pitch: 14.999938
