lastAccountName: Johann
timestamps:
  login: 1566976053205
  logout: 1566976846193
  lastteleport: 1566830089551
ipAddress: 0:0:0:0:0:0:0:1
lastlocation:
  world: world
  x: 639.1984559014302
  y: 83.0
  z: -259.4595398371464
  yaw: -90.19792
  pitch: 11.40018
logoutlocation:
  world: world
  x: 742.2853299775022
  y: 75.0
  z: -182.35841886701962
  yaw: 142.92392
  pitch: 20.69987
