lastAccountName: Johann
timestamps:
  login: 1567611836366
  logout: 1567611922498
  lastteleport: 1567524683469
ipAddress: 0:0:0:0:0:0:0:1
lastlocation:
  world: world
  x: 728.4058758340414
  y: 78.0
  z: -179.46474618279197
  yaw: -219.32507
  pitch: 17.399984
logoutlocation:
  world: world
  x: 645.993149965491
  y: 8.0
  z: -190.40942828466115
  yaw: 146.18909
  pitch: 7.800003
