lastAccountName: Johann
timestamps:
  login: 1567510433202
  logout: 1567510667407
  lastteleport: 1567494533619
ipAddress: 0:0:0:0:0:0:0:1
lastlocation:
  world: world
  x: 619.9137364438352
  y: 78.0
  z: -148.10194797890128
  yaw: 59.777832
  pitch: 13.9499035
logoutlocation:
  world: world
  x: 793.4850382243579
  y: 68.0
  z: -119.12500572951276
  yaw: 58.170345
  pitch: 24.44992
