lastAccountName: Johann
timestamps:
  login: 1570279458645
  logout: 1570281482251
  lastteleport: 1570000192614
ipAddress: 0:0:0:0:0:0:0:1
lastlocation:
  world: world
  x: 743.0750930352995
  y: 85.0625
  z: -183.88031427237254
  yaw: 72.161865
  pitch: 34.050266
logoutlocation:
  world: world
  x: 749.6999999880791
  y: 86.0
  z: -182.2456064335063
  yaw: -271.33246
  pitch: 35.70017
money: '7674.0'
