lastAccountName: Johann
timestamps:
  login: 1566353310029
  logout: 1566354279402
  lastteleport: 1566353365646
ipAddress: 0:0:0:0:0:0:0:1
lastlocation:
  world: world
  x: 721.4658216740486
  y: 76.5
  z: -181.78611213820585
  yaw: 170.85736
  pitch: 26.717144
logoutlocation:
  world: world
  x: 637.0000210087965
  y: 12.0
  z: -252.40637745230637
  yaw: 194.82239
  pitch: 5.7002234
