lastAccountName: Johann
timestamps:
  login: 1566432286816
  logout: 1566433424606
  lastteleport: 1566353365646
ipAddress: 0:0:0:0:0:0:0:1
lastlocation:
  world: world
  x: 721.4658216740486
  y: 76.5
  z: -181.78611213820585
  yaw: 170.85736
  pitch: 26.717144
logoutlocation:
  world: world
  x: 733.0717574993103
  y: 85.0
  z: -178.0397661250189
  yaw: 311.87793
  pitch: 25.800348
