lastAccountName: Johann
timestamps:
  login: 1567993144486
  logout: 1567994682121
  lastteleport: 1567931021655
ipAddress: 0:0:0:0:0:0:0:1
lastlocation:
  world: world
  x: 733.3443007242031
  y: 79.0
  z: -175.31944676130757
  yaw: 10.262205
  pitch: 26.550066
logoutlocation:
  world: world
  x: 790.4048301822367
  y: 67.9375
  z: -110.71657961993645
  yaw: 90.50531
  pitch: -16.800077
