lastAccountName: Johann
timestamps:
  login: 1567480521247
  logout: 1567481622880
  lastteleport: 1567428757144
ipAddress: 0:0:0:0:0:0:0:1
lastlocation:
  world: world
  x: 455.4882521827763
  y: 63.0
  z: 279.95748463638074
  yaw: 98.50952
  pitch: 24.774008
logoutlocation:
  world: world
  x: 730.7459707767267
  y: 78.0
  z: -181.73571267357462
  yaw: 127.62573
  pitch: 20.099983
