lastAccountName: Johann
timestamps:
  login: 1570353639248
  logout: 1570353647350
  lastteleport: 1570345818888
ipAddress: 0:0:0:0:0:0:0:1
lastlocation:
  world: world
  x: 726.5320559982575
  y: 74.9375
  z: -184.42197449989112
  yaw: -26.681702
  pitch: 10.049923
logoutlocation:
  world: world
  x: 749.5732618222677
  y: 86.0
  z: -182.60245236830804
  yaw: -272.682
  pitch: 40.800274
money: '8402.0'
