lastAccountName: Johann
timestamps:
  login: 1572496703808
  logout: 1572496739695
  lastteleport: 1570802320425
ipAddress: 0:0:0:0:0:0:0:1
lastlocation:
  world: world
  x: 692.1922048308816
  y: 77.0
  z: -169.0042993016875
  yaw: 256.1817
  pitch: 30.900007
logoutlocation:
  world: world
  x: 771.9943928631142
  y: 89.0
  z: 967.7185532763384
  yaw: 46.349968
  pitch: 4.9497046
money: '402.0'
