lastAccountName: Johann
timestamps:
  login: 1568119466589
  logout: 1568120733289
  lastteleport: 1568038759117
ipAddress: 0:0:0:0:0:0:0:1
lastlocation:
  world: world
  x: 1326.9553276103875
  y: 71.0
  z: -353.0282608598955
  yaw: -203.42969
  pitch: 27.150234
logoutlocation:
  world: world
  x: 635.9428091151012
  y: 79.41999998688698
  z: -161.5347661623593
  yaw: 250.08447
  pitch: 26.999962
