lastAccountName: Johann
timestamps:
  login: 1566718876612
  logout: 1566719863902
  lastteleport: 1566658975624
ipAddress: 0:0:0:0:0:0:0:1
lastlocation:
  world: world
  x: 725.7225428050741
  y: 78.0
  z: -182.36816370682246
  yaw: 85.925064
  pitch: 12.449995
logoutlocation:
  world: world
  x: 740.8219775487532
  y: 75.0
  z: -181.7018422388826
  yaw: 172.06812
  pitch: 17.550112
