lastAccountName: Johann
timestamps:
  login: 1568216331458
  logout: 1568216337811
  lastteleport: 1568179540020
ipAddress: 0:0:0:0:0:0:0:1
lastlocation:
  world: world
  x: 682.463623932558
  y: 78.0
  z: -154.45977919964568
  yaw: 72.87871
  pitch: 10.499931
logoutlocation:
  world: world
  x: 732.4565872949441
  y: 78.0
  z: -180.799121772631
  yaw: 262.1532
  pitch: 9.8999605
