lastAccountName: Johann
timestamps:
  login: 1566399754912
  logout: 1566401743088
  lastteleport: 1566353365646
ipAddress: 0:0:0:0:0:0:0:1
lastlocation:
  world: world
  x: 721.4658216740486
  y: 76.5
  z: -181.78611213820585
  yaw: 170.85736
  pitch: 26.717144
logoutlocation:
  world: world
  x: 730.7427435637892
  y: 78.0
  z: -183.07544876366543
  yaw: -249.17497
  pitch: 19.50002
