lastAccountName: Johann
timestamps:
  login: 1569609283195
  logout: 1569611703147
  lastteleport: 1569610236384
ipAddress: 0:0:0:0:0:0:0:1
lastlocation:
  world: world
  x: 729.6825923684501
  y: 74.9375
  z: -179.28529236623282
  yaw: -82.032715
  pitch: 4.3501735
logoutlocation:
  world: world
  x: 749.6999999880791
  y: 86.0
  z: -182.2456064335063
  yaw: -272.9824
  pitch: 34.650166
money: '15277.0'
