lastAccountName: Johann
timestamps:
  login: 1569986718458
  logout: 1569987852652
  lastteleport: 1569936165814
ipAddress: 0:0:0:0:0:0:0:1
lastlocation:
  world: world
  x: 728.2101024631436
  y: 78.0
  z: -185.43179935471866
  yaw: -191.38187
  pitch: 22.800165
logoutlocation:
  world: world
  x: 723.5814282425646
  y: 71.0
  z: -180.77268594056693
  yaw: -74.23403
  pitch: 7.8002214
money: '4110.0'
