lastAccountName: Johann
timestamps:
  login: 1572262915242
  logout: 1572262924186
  lastteleport: 1570802320425
ipAddress: 0:0:0:0:0:0:0:1
lastlocation:
  world: world
  x: 692.1922048308816
  y: 77.0
  z: -169.0042993016875
  yaw: 256.1817
  pitch: 30.900007
logoutlocation:
  world: world
  x: 786.6366565518185
  y: 89.0
  z: 951.0955999916979
  yaw: 267.00882
  pitch: 6.449695
money: '402.0'
