lastAccountName: crystalgem
timestamps:
  login: 1569133729508
  logout: 1569135504191
  lastteleport: 1568990504064
ipAddress: 0:0:0:0:0:0:0:1
lastlocation:
  world: world
  x: -6.4456741849094765
  y: 69.0
  z: 216.26515229293813
  yaw: -169.05429
  pitch: -3.8760118
logoutlocation:
  world: world
  x: 658.3653446336218
  y: 85.5625
  z: -177.977699092393
  yaw: -81.736084
  pitch: 12.44999
