lastAccountName: crystalgem
timestamps:
  login: 1570106231842
  logout: 1570109397636
  lastteleport: 1570108932976
ipAddress: 0:0:0:0:0:0:0:1
lastlocation:
  world: world
  x: 665.2375000119209
  y: 81.0
  z: -178.30000001192093
  yaw: -169.34033
  pitch: 29.249973
logoutlocation:
  world: world
  x: 658.27184577948
  y: 85.5625
  z: -178.59806040262174
  yaw: -81.73642
  pitch: 28.050072
money: '9585.0'
