lastAccountName: crystalgem
timestamps:
  login: 1567947122665
  logout: 1567947499804
  lastteleport: 1567931555653
ipAddress: 0:0:0:0:0:0:0:1
lastlocation:
  world: world
  x: -7.317954656792627
  y: 69.0
  z: 219.86795475935656
  yaw: -135.45416
  pitch: 11.573972
logoutlocation:
  world: world
  x: 718.766482027983
  y: 76.0
  z: -181.30244393406554
  yaw: -94.48825
  pitch: 16.949966
