lastAccountName: crystalgem
timestamps:
  login: 1572184632201
  logout: 1572188531592
  lastteleport: 1572186320330
ipAddress: 0:0:0:0:0:0:0:1
lastlocation:
  world: world
  x: 657.3295630034243
  y: 70.0
  z: -186.97040482600593
  yaw: -310.649
  pitch: 4.200022
logoutlocation:
  world: world
  x: 657.3000000119209
  y: 85.5625
  z: -178.08070757060617
  yaw: -84.58984
  pitch: 4.350096
money: '9235.0'
