lastAccountName: crystalgem
timestamps:
  login: 1568090166887
  logout: 1568091865258
  lastteleport: 1568088922517
ipAddress: 0:0:0:0:0:0:0:1
lastlocation:
  world: world
  x: -6.4456741849094765
  y: 69.0
  z: 216.26515229293813
  yaw: -179.8543
  pitch: 1.0739887
logoutlocation:
  world: world
  x: 662.2139143474518
  y: 78.0
  z: -175.08479005938068
  yaw: -227.28662
  pitch: -20.399954
