lastAccountName: crystalgem
timestamps:
  login: 1569240147938
  logout: 1569246664555
  lastteleport: 1569246533075
ipAddress: 0:0:0:0:0:0:0:1
lastlocation:
  world: world
  x: 658.4185728058526
  y: 85.5625
  z: -179.14541752315628
  yaw: -76.63574
  pitch: 5.400078
logoutlocation:
  world: world
  x: 658.1407667183661
  y: 86.0
  z: -175.98750001192093
  yaw: -108.43512
  pitch: 20.100023
