lastAccountName: crystalgem
timestamps:
  login: 1569121659046
  logout: 1569121873854
  lastteleport: 1568990504064
ipAddress: 0:0:0:0:0:0:0:1
lastlocation:
  world: world
  x: -6.4456741849094765
  y: 69.0
  z: 216.26515229293813
  yaw: -169.05429
  pitch: -3.8760118
logoutlocation:
  world: world
  x: 657.9111215258645
  y: 86.0
  z: -179.01249998807907
  yaw: -15.585474
  pitch: 9.750018
