lastAccountName: crystalgem
timestamps:
  login: 1568802955496
  logout: 1568805188271
  lastteleport: 1568732596584
ipAddress: 0:0:0:0:0:0:0:1
lastlocation:
  world: world
  x: -6.4456741849094765
  y: 69.0
  z: 216.26515229293813
  yaw: -180.30429
  pitch: 0.47398856
logoutlocation:
  world: world
  x: 656.776908032987
  y: 86.17675927506424
  z: -175.73623064232845
  yaw: 229.3245
  pitch: 12.1499195
