lastAccountName: crystalgem
timestamps:
  login: 1570343480272
  logout: 1570344357521
  lastteleport: 1570334308701
ipAddress: 0:0:0:0:0:0:0:1
lastlocation:
  world: world
  x: 661.04312542116
  y: 78.0
  z: -169.96488353712618
  yaw: -257.08554
  pitch: -21.449999
logoutlocation:
  world: world
  x: 658.5684741879469
  y: 85.5625
  z: -177.30611011348861
  yaw: -104.4032
  pitch: 3.0000758
money: '9585.0'
