lastAccountName: crystalgem
timestamps:
  login: 1570621505054
  logout: 1570624299106
  lastteleport: 1570368812298
ipAddress: 0:0:0:0:0:0:0:1
lastlocation:
  world: world_nether
  x: 169.32684783604648
  y: 93.0
  z: 76.1071946520107
  yaw: -203.09436
  pitch: 5.250004
logoutlocation:
  world: world
  x: 660.2443806754088
  y: 85.5
  z: -178.50024836169644
  yaw: -203.38916
  pitch: 26.549994
money: '9585.0'
