lastAccountName: crystalgem
timestamps:
  login: 1569062872399
  logout: 1569063250795
  lastteleport: 1568990504064
ipAddress: 0:0:0:0:0:0:0:1
lastlocation:
  world: world
  x: -6.4456741849094765
  y: 69.0
  z: 216.26515229293813
  yaw: -169.05429
  pitch: -3.8760118
logoutlocation:
  world: world
  x: 657.3000000119209
  y: 85.0625
  z: -173.30000001192093
  yaw: -125.3949
  pitch: 5.7000623
