lastAccountName: crystalgem
timestamps:
  login: 1568037763958
  logout: 1568041543697
  lastteleport: 1568039048418
ipAddress: 0:0:0:0:0:0:0:1
lastlocation:
  world: world
  x: 1268.0235022138297
  y: 63.0
  z: -412.0781105306613
  yaw: -270.35168
  pitch: 34.799988
logoutlocation:
  world: world
  x: 663.5095167852925
  y: 80.0
  z: -171.30000001192093
  yaw: -198.91992
  pitch: -14.100122
