lastAccountName: crystalgem
timestamps:
  login: 1570346986207
  logout: 1570353304715
  lastteleport: 1570348267989
ipAddress: 0:0:0:0:0:0:0:1
lastlocation:
  world: world
  x: 647.7428815160649
  y: 78.0
  z: -195.75363875409852
  yaw: -147.74268
  pitch: 12.450059
logoutlocation:
  world: world
  x: 663.9912844718771
  y: 90.0
  z: -163.4043875660037
  yaw: -179.82837
  pitch: -61.499695
money: '9585.0'
