lastAccountName: crystalgem
timestamps:
  login: 1570329298644
  logout: 1570330138311
  lastteleport: 1570292647450
ipAddress: 0:0:0:0:0:0:0:1
lastlocation:
  world: world
  x: 557.1818394052868
  y: 72.0
  z: 2591.992646864322
  yaw: -231.80287
  pitch: 1.1999233
logoutlocation:
  world: world
  x: 661.5899664930736
  y: 78.0
  z: -170.80841681324054
  yaw: -285.12842
  pitch: 3.149809
money: '9585.0'
