lastAccountName: crystalgem
timestamps:
  login: 1568622710251
  logout: 1568629548050
  lastteleport: 1568623833228
ipAddress: 0:0:0:0:0:0:0:1
lastlocation:
  world: world
  x: 665.1836508304505
  y: 77.0
  z: -180.35700460876086
  yaw: -91.359436
  pitch: 15.150192
logoutlocation:
  world: world
  x: 667.6999999880791
  y: 78.0
  z: -179.1396756629117
  yaw: 97.77219
  pitch: 17.100164
