lastAccountName: crystalgem
timestamps:
  login: 1568987451458
  logout: 1568990957776
  lastteleport: 1568990504064
ipAddress: 0:0:0:0:0:0:0:1
lastlocation:
  world: world
  x: -6.4456741849094765
  y: 69.0
  z: 216.26515229293813
  yaw: -169.05429
  pitch: -3.8760118
logoutlocation:
  world: world
  x: 662.574432176689
  y: 85.0
  z: -164.6559992727633
  yaw: -109.6353
  pitch: 8.8499975
