lastAccountName: crystalgem
timestamps:
  login: 1569586714114
  logout: 1569591959930
  lastteleport: 1569504842509
ipAddress: 0:0:0:0:0:0:0:1
lastlocation:
  world: world
  x: -5.789069142835833
  y: 69.0
  z: 218.15466198100333
  yaw: -178.80371
  pitch: 7.373955
logoutlocation:
  world: world
  x: 658.1227577022302
  y: 85.5625
  z: -178.0554065389109
  yaw: -99.28784
  pitch: 10.499925
