lastAccountName: crystalgem
timestamps:
  login: 1567947642407
  logout: 1567953186901
  lastteleport: 1567949027041
ipAddress: 0:0:0:0:0:0:0:1
lastlocation:
  world: world
  x: -6.4456741849094765
  y: 69.0
  z: 216.26515229293813
  yaw: -179.8543
  pitch: 0.7739886
logoutlocation:
  world: world
  x: 665.9653807350959
  y: 78.0
  z: -176.30000001192093
  yaw: -259.13257
  pitch: 36.749943
