lastAccountName: crystalgem
timestamps:
  login: 1568211429077
  logout: 1568213722712
  lastteleport: 1568213150247
ipAddress: 0:0:0:0:0:0:0:1
lastlocation:
  world: world
  x: 674.4653512046622
  y: 78.0
  z: -167.25254926623654
  yaw: -192.48479
  pitch: 1.7998078
logoutlocation:
  world: world
  x: 666.2816371257134
  y: 78.0
  z: -177.33106646193409
  yaw: 94.624344
  pitch: 30.149944
