lastAccountName: crystalgem
timestamps:
  login: 1569763920728
  logout: 1569764406711
  lastteleport: 1569692654121
ipAddress: 0:0:0:0:0:0:0:1
lastlocation:
  world: world
  x: 657.299999974668
  y: 85.5625
  z: -176.70000002533197
  yaw: -192.13547
  pitch: 0.0
logoutlocation:
  world: world
  x: 657.3000000119209
  y: 85.5625
  z: -178.34548464039193
  yaw: -64.94
  pitch: 28.650005
money: '4898.0'
