lastAccountName: crystalgem
timestamps:
  login: 1569745619775
  logout: 1569747523279
  lastteleport: 1569692654121
ipAddress: 0:0:0:0:0:0:0:1
lastlocation:
  world: world
  x: 657.299999974668
  y: 85.5625
  z: -176.70000002533197
  yaw: -192.13547
  pitch: 0.0
logoutlocation:
  world: world
  x: 657.3000000119209
  y: 85.5625
  z: -177.64001058053867
  yaw: -93.73569
  pitch: 20.400015
money: '4898.0'
