lastAccountName: crystalgem
timestamps:
  login: 1568819596490
  logout: 1568819660489
  lastteleport: 1568816345945
ipAddress: 0:0:0:0:0:0:0:1
lastlocation:
  world: world
  x: 661.8685698736795
  y: 78.0
  z: -176.53745063330587
  yaw: 264.71735
  pitch: 11.249983
logoutlocation:
  world: world
  x: 661.2846364813402
  y: 85.0
  z: -177.68426378271488
  yaw: -343.495
  pitch: -7.6501236
