lastAccountName: crystalgem
timestamps:
  login: 1567877873598
  logout: 1567877903154
ipAddress: 0:0:0:0:0:0:0:1
lastlocation:
  world: world
  x: -16.5
  y: 69.0
  z: 208.5
  yaw: 1.0475286
  pitch: 0.0
logoutlocation:
  world: world
  x: 746.7378666864705
  y: 85.0625
  z: -170.85498621129105
  yaw: -195.01068
  pitch: -3.899907
