lastAccountName: crystalgem
timestamps:
  login: 1570365509577
  logout: 1570370457064
  lastteleport: 1570368812298
ipAddress: 0:0:0:0:0:0:0:1
lastlocation:
  world: world_nether
  x: 169.32684783604648
  y: 93.0
  z: 76.1071946520107
  yaw: -203.09436
  pitch: 5.250004
logoutlocation:
  world: world
  x: 657.8472784261478
  y: 85.5625
  z: -178.11570738233436
  yaw: -81.73553
  pitch: 7.6499887
money: '9585.0'
