lastAccountName: crystalgem
timestamps:
  login: 1568379440119
  logout: 1568379490179
  lastteleport: 1568281982982
ipAddress: 0:0:0:0:0:0:0:1
lastlocation:
  world: world
  x: 665.2700205396022
  y: 85.0
  z: -175.72895271198504
  yaw: -88.37511
  pitch: 9.599932
logoutlocation:
  world: world
  x: 665.6835472402915
  y: 77.0
  z: -180.78284570835874
  yaw: 292.02756
  pitch: 27.899931
