lastAccountName: crystalgem
timestamps:
  login: 1568635496888
  logout: 1568643667765
  lastteleport: 1568640491992
ipAddress: 0:0:0:0:0:0:0:1
lastlocation:
  world: world
  x: -7.4516678866831825
  y: 69.0
  z: 214.8712461995842
  yaw: -260.55423
  pitch: 1.3739876
logoutlocation:
  world: world
  x: 663.0672945525084
  y: 85.0
  z: -179.69999998807907
  yaw: -5.45532
  pitch: 14.999993
