lastAccountName: crystalgem
timestamps:
  login: 1568091933010
  logout: 1568097630533
  lastteleport: 1568095303869
ipAddress: 0:0:0:0:0:0:0:1
lastlocation:
  world: world
  x: 665.5843160568068
  y: 77.0
  z: -178.89128393949673
  yaw: 358.32446
  pitch: 2.999847
logoutlocation:
  world: world
  x: 661.2960912254817
  y: 79.0
  z: -168.30000001192093
  yaw: -132.62915
  pitch: 13.8000965
