lastAccountName: crystalgem
timestamps:
  login: 1568694744664
  logout: 1568705992021
  lastteleport: 1568699971813
ipAddress: 0:0:0:0:0:0:0:1
lastlocation:
  world: world
  x: 666.0872291525109
  y: 78.0
  z: -176.33991862264054
  yaw: -249.32585
  pitch: -2.2500312
logoutlocation:
  world: world
  x: 672.1542021118846
  y: 78.0
  z: -173.40291597789357
  yaw: -227.43298
  pitch: 44.550053
