lastAccountName: crystalgem
timestamps:
  login: 1568533096228
  logout: 1568541814505
  lastteleport: 1568539114972
ipAddress: 0:0:0:0:0:0:0:1
lastlocation:
  world: world
  x: 773.4251404153848
  y: 66.0
  z: -471.9295546213598
  yaw: 340.8247
  pitch: 8.099803
logoutlocation:
  world: world
  x: 662.169201035689
  y: 78.0
  z: -170.80930836945276
  yaw: -126.47229
  pitch: 15.599598
