lastAccountName: crystalgem
timestamps:
  login: 1570797244333
  logout: 1570797684587
  lastteleport: 1570626055437
ipAddress: 0:0:0:0:0:0:0:1
lastlocation:
  world: world
  x: 660.8865179916714
  y: 78.0
  z: -171.69999998807907
  yaw: -37.77246
  pitch: 24.749987
logoutlocation:
  world: world
  x: 649.2191984956595
  y: 79.0
  z: -173.83767674095304
  yaw: 25.683075
  pitch: 6.1498613
money: '9585.0'
