lastAccountName: crystalgem
timestamps:
  login: 1570941448378
  logout: 1570942180227
  lastteleport: 1570800860975
ipAddress: 0:0:0:0:0:0:0:1
lastlocation:
  world: world
  x: 657.299999974668
  y: 85.5625
  z: -176.70000002533197
  yaw: -109.93535
  pitch: 20.999998
logoutlocation:
  world: world
  x: 665.660546443262
  y: 78.0
  z: -172.8660992176915
  yaw: -327.4364
  pitch: -3.3000124
money: '9585.0'
