lastAccountName: crystalgem
timestamps:
  login: 1569733869273
  logout: 1569737371238
  lastteleport: 1569692654121
ipAddress: 0:0:0:0:0:0:0:1
lastlocation:
  world: world
  x: 657.299999974668
  y: 85.5625
  z: -176.70000002533197
  yaw: -192.13547
  pitch: 0.0
logoutlocation:
  world: world
  x: 657.299999974668
  y: 85.5625
  z: -177.70000002533197
  yaw: -95.151344
  pitch: 7.0500007
money: '4898.0'
