lastAccountName: crystalgem
timestamps:
  login: 1569931770480
  logout: 1569938237675
  lastteleport: 1569932008613
ipAddress: 0:0:0:0:0:0:0:1
lastlocation:
  world: world
  x: 627.0787450195087
  y: 78.0
  z: -160.37230731599502
  yaw: -226.94177
  pitch: 2.0999734
logoutlocation:
  world: world
  x: 657.3000000119209
  y: 85.5625
  z: -176.66102481088734
  yaw: -94.10254
  pitch: 30.899853
money: '4898.0'
