lastAccountName: crystalgem
timestamps:
  login: 1571834389879
  logout: 1571834516178
  lastteleport: 1570960466816
ipAddress: 0:0:0:0:0:0:0:1
lastlocation:
  world: world
  x: 660.9816821669596
  y: 78.0
  z: -171.03321041319987
  yaw: -54.597656
  pitch: 15.450058
logoutlocation:
  world: world
  x: 665.1054319854634
  y: 77.0
  z: -158.20364877111663
  yaw: -331.87283
  pitch: 24.14975
money: '9235.0'
