lastAccountName: crystalgem
timestamps:
  login: 1568819715406
  logout: 1568820266583
  lastteleport: 1568816345945
ipAddress: 0:0:0:0:0:0:0:1
lastlocation:
  world: world
  x: 661.8685698736795
  y: 78.0
  z: -176.53745063330587
  yaw: 264.71735
  pitch: 11.249983
logoutlocation:
  world: world
  x: 656.4863476976927
  y: 85.0
  z: -180.94478461493898
  yaw: -63.744762
  pitch: 13.649932
