lastAccountName: crystalgem
timestamps:
  login: 1568867899949
  logout: 1568877402616
  lastteleport: 1568816345945
ipAddress: 0:0:0:0:0:0:0:1
lastlocation:
  world: world
  x: 661.8685698736795
  y: 78.0
  z: -176.53745063330587
  yaw: 264.71735
  pitch: 11.249983
logoutlocation:
  world: world
  x: 661.106820089679
  y: 78.0
  z: -179.7771455562485
  yaw: -297.0952
  pitch: 6.5999894
