lastAccountName: crystalgem
timestamps:
  login: 1570956537533
  logout: 1570956629689
  lastteleport: 1570800860975
ipAddress: 0:0:0:0:0:0:0:1
lastlocation:
  world: world
  x: 657.299999974668
  y: 85.5625
  z: -176.70000002533197
  yaw: -109.93535
  pitch: 20.999998
logoutlocation:
  world: world
  x: 657.8211908088803
  y: 85.5625
  z: -177.42857034733996
  yaw: -47.25055
  pitch: 20.550022
money: '9585.0'
