lastAccountName: crystalgem
timestamps:
  login: 1568356361584
  logout: 1568356411634
  lastteleport: 1568281982982
ipAddress: 0:0:0:0:0:0:0:1
lastlocation:
  world: world
  x: 665.2700205396022
  y: 85.0
  z: -175.72895271198504
  yaw: -88.37511
  pitch: 9.599932
logoutlocation:
  world: world
  x: 662.075226730748
  y: 73.0
  z: -185.9691245807215
  yaw: 18.276663
  pitch: 21.749905
