lastAccountName: crystalgem
timestamps:
  login: 1569503780874
  logout: 1569506624837
  lastteleport: 1569504842509
ipAddress: 0:0:0:0:0:0:0:1
lastlocation:
  world: world
  x: -5.789069142835833
  y: 69.0
  z: 218.15466198100333
  yaw: -178.80371
  pitch: 7.373955
logoutlocation:
  world: world
  x: 663.5024190565979
  y: 81.0
  z: -179.1515807253554
  yaw: -102.87402
  pitch: 10.499963
