lastAccountName: crystalgem
timestamps:
  login: 1568551810472
  logout: 1568555043141
  lastteleport: 1568554764138
ipAddress: 0:0:0:0:0:0:0:1
lastlocation:
  world: world
  x: 650.3845553236578
  y: 80.0
  z: -179.50956809368165
  yaw: -184.06952
  pitch: 11.249833
logoutlocation:
  world: world
  x: 666.6060226413169
  y: 78.0
  z: -176.92803458158428
  yaw: -211.82545
  pitch: 17.699945
