lastAccountName: crystalgem
timestamps:
  login: 1568733053619
  logout: 1568733799344
  lastteleport: 1568732596584
ipAddress: 0:0:0:0:0:0:0:1
lastlocation:
  world: world
  x: -6.4456741849094765
  y: 69.0
  z: 216.26515229293813
  yaw: -180.30429
  pitch: 0.47398856
logoutlocation:
  world: world
  x: 663.653642432595
  y: 85.0
  z: -178.7846123434997
  yaw: -354.9297
  pitch: 8.099764
