lastAccountName: crystalgem
timestamps:
  login: 1568902296152
  logout: 1568906099255
  lastteleport: 1568816345945
ipAddress: 0:0:0:0:0:0:0:1
lastlocation:
  world: world
  x: 661.8685698736795
  y: 78.0
  z: -176.53745063330587
  yaw: 264.71735
  pitch: 11.249983
logoutlocation:
  world: world
  x: 661.812323902193
  y: 85.0625
  z: -174.22263362133373
  yaw: -229.26501
  pitch: 9.149696
