lastAccountName: crystalgem
timestamps:
  login: 1568991008596
  logout: 1568991405100
  lastteleport: 1568990504064
ipAddress: 0:0:0:0:0:0:0:1
lastlocation:
  world: world
  x: -6.4456741849094765
  y: 69.0
  z: 216.26515229293813
  yaw: -169.05429
  pitch: -3.8760118
logoutlocation:
  world: world
  x: 657.3000000119209
  y: 85.5625
  z: -176.6159511917126
  yaw: -98.08911
  pitch: 24.149979
