lastAccountName: crystalgem
timestamps:
  login: 1568612227232
  logout: 1568613384457
  lastteleport: 1568606298090
ipAddress: 0:0:0:0:0:0:0:1
lastlocation:
  world: world
  x: 492.1156775364495
  y: 68.0
  z: -242.48279138924116
  yaw: -39.77466
  pitch: 36.299984
logoutlocation:
  world: world
  x: 666.7002562665966
  y: 78.0
  z: -177.40515094501296
  yaw: 7.790415
  pitch: 12.60006
