lastAccountName: crystalgem
timestamps:
  login: 1571834574382
  logout: 1571839037531
  lastteleport: 1570960466816
ipAddress: 0:0:0:0:0:0:0:1
lastlocation:
  world: world
  x: 660.9816821669596
  y: 78.0
  z: -171.03321041319987
  yaw: -54.597656
  pitch: 15.450058
logoutlocation:
  world: world
  x: 657.299999974668
  y: 85.5625
  z: -177.70000002533197
  yaw: -85.33771
  pitch: 13.05
money: '9235.0'
