lastAccountName: crystalgem
timestamps:
  login: 1570019514244
  logout: 1570026558730
  lastteleport: 1570025753106
ipAddress: 0:0:0:0:0:0:0:1
lastlocation:
  world: world
  x: 749.2221883963531
  y: 66.0
  z: 991.774597534619
  yaw: -317.0
  pitch: 44.099995
logoutlocation:
  world: world
  x: 657.3000000119209
  y: 85.5625
  z: -177.912247375205
  yaw: -96.88794
  pitch: 13.950037
money: '8244.0'
