lastAccountName: crystalgem
timestamps:
  login: 1568890952161
  logout: 1568891833616
  lastteleport: 1568816345945
ipAddress: 0:0:0:0:0:0:0:1
lastlocation:
  world: world
  x: 661.8685698736795
  y: 78.0
  z: -176.53745063330587
  yaw: 264.71735
  pitch: 11.249983
logoutlocation:
  world: world
  x: 660.4754346703553
  y: 85.0
  z: -167.51183128765345
  yaw: -193.50397
  pitch: 20.399769
