lastAccountName: crystalgem
timestamps:
  login: 1570291181343
  logout: 1570293739077
  lastteleport: 1570292647450
ipAddress: 0:0:0:0:0:0:0:1
lastlocation:
  world: world
  x: 557.1818394052868
  y: 72.0
  z: 2591.992646864322
  yaw: -231.80287
  pitch: 1.1999233
logoutlocation:
  world: world
  x: 657.3810315492105
  y: 85.5625
  z: -177.57617793354638
  yaw: -93.74011
  pitch: 10.649856
money: '9585.0'
