lastAccountName: crystalgem
timestamps:
  login: 1569415030825
  logout: 1569418411538
  lastteleport: 1569246533075
ipAddress: 0:0:0:0:0:0:0:1
lastlocation:
  world: world
  x: 658.4185728058526
  y: 85.5625
  z: -179.14541752315628
  yaw: -76.63574
  pitch: 5.400078
logoutlocation:
  world: world
  x: 659.825763812983
  y: 85.5
  z: -176.1006106110819
  yaw: -253.41405
  pitch: 12.900021
