lastAccountName: crystalgem
timestamps:
  login: 1572157288113
  logout: 1572160149567
  lastteleport: 1570960466816
ipAddress: 0:0:0:0:0:0:0:1
lastlocation:
  world: world
  x: 660.9816821669596
  y: 78.0
  z: -171.03321041319987
  yaw: -54.597656
  pitch: 15.450058
logoutlocation:
  world: world
  x: 658.3892944530085
  y: 85.5625
  z: -175.98750001192093
  yaw: -113.83896
  pitch: 1.7999493
money: '9235.0'
