lastAccountName: crystalgem
timestamps:
  login: 1572352963736
  logout: 1572358347917
  lastteleport: 1572186320330
ipAddress: 0:0:0:0:0:0:0:1
lastlocation:
  world: world
  x: 657.3295630034243
  y: 70.0
  z: -186.97040482600593
  yaw: -310.649
  pitch: 4.200022
logoutlocation:
  world: world
  x: 657.299999974668
  y: 85.5625
  z: -177.70000002533197
  yaw: -92.708145
  pitch: 10.800003
money: '9235.0'
