lastAccountName: crystalgem
timestamps:
  login: 1570963107835
  logout: 1570964890329
  lastteleport: 1570960466816
ipAddress: 0:0:0:0:0:0:0:1
lastlocation:
  world: world
  x: 660.9816821669596
  y: 78.0
  z: -171.03321041319987
  yaw: -54.597656
  pitch: 15.450058
logoutlocation:
  world: world
  x: 660.3000000119209
  y: 100.0
  z: -171.69999998807907
  yaw: -65.177734
  pitch: 12.000045
money: '9235.0'
