lastAccountName: Kdremeds
timestamps:
  login: 1571479329573
  lastteleport: 1568995593766
  logout: 1571479411244
ipAddress: 0:0:0:0:0:0:0:1
lastlocation:
  world: world
  x: -0.5
  y: 69.0
  z: 218.5
  yaw: 0.22584212
  pitch: 0.0
logoutlocation:
  world: world
  x: -4.64821422716828
  y: 69.0
  z: 218.8417540982891
  yaw: 30.27655
  pitch: 10.057066
money: '2880.0'
