lastAccountName: RedKGB
timestamps:
  login: 1564303984057
  lastteleport: 1564306037597
  logout: 1564306378417
ipAddress: 0:0:0:0:0:0:0:1
lastlocation:
  world: world
  x: 1154.5680903404873
  y: 66.0
  z: -539.2375000119209
  yaw: 355.44
  pitch: 27.413113
logoutlocation:
  world: world
  x: 1150.0006031368098
  y: 67.0
  z: -538.2722994216451
  yaw: 191.28989
  pitch: 20.917065
