lastAccountName: ZBoner
timestamps:
  login: 1568298851389
  logout: 1568298928246
ipAddress: 0:0:0:0:0:0:0:1
lastlocation:
  world: world
  x: -11.5
  y: 68.0
  z: 224.5
  yaw: 2.7232132
  pitch: 0.0
logoutlocation:
  world: world
  x: -6.16537155113053
  y: 69.0
  z: 228.92376915641
  yaw: -172.50421
  pitch: 17.123978
