spawns: 
  default: 
    world: world
    x: -6.4456741849094765
    y: 69.0
    z: 216.26515229293813
    yaw: -179.8543
    pitch: 1.0739887
