world: world
x: -6.479608430172376
y: 68.5
z: 234.5884495084304
yaw: 0.5316467
pitch: 3.1829944
name: oldshop
lastowner: dc70f05a-14b3-350c-91b3-ecddbe830761
