world: world
x: 282.9274191788554
y: 48.0
z: 310.07513034332044
yaw: 270.1781
pitch: -1.5716735
name: shop
lastowner: dc70f05a-14b3-350c-91b3-ecddbe830761
