world: world
x: -6.482815961310559
y: 69.0
z: 234.93473912719028
yaw: 0.6178412
pitch: 4.9972615
name: shop
lastowner: dc70f05a-14b3-350c-91b3-ecddbe830761
