world: world
x: -52.22299985841334
y: 77.0
z: 207.782908850947
yaw: -74.45334
pitch: 10.4455385
name: test1234
lastowner: dc70f05a-14b3-350c-91b3-ecddbe830761
